100
0 1
0 2
0 3
0 4
0 5
0 6
0 7
0 8
1 2
1 3
1 4
1 5
1 6
1 7
1 8
1 9
2 3
2 4
2 5
2 6
2 7
2 8
2 9
3 4
3 5
3 6
3 7
3 8
3 9
4 5
4 6
4 7
4 8
4 9
5 6
5 7
5 8
5 9
6 7
6 8
6 9
7 9
8 9
8 10
11 12
11 13
11 14
11 15
11 16
11 17
11 18
11 19
10 20
10 21
10 22
10 23
10 24
10 25
10 26
20 21
20 22
20 23
20 24
20 25
20 26
20 27
20 28
21 22
21 23
21 24
21 25
21 26
21 27
21 28
22 23
22 24
22 25
22 26
22 27
22 28
23 24
23 25
23 26
23 27
23 28
24 25
24 26
24 27
24 28
25 26
25 27
25 28
26 27
26 28
27 28
27 29
29 30
29 31
29 32
29 33
29 34
29 35
29 36
29 37
30 31
30 32
30 33
30 34
30 35
30 36
30 37
30 38
31 32
31 33
31 34
31 35
31 36
31 37
31 38
32 33
32 34
32 35
32 36
32 37
32 38
33 34
33 35
33 36
33 37
33 38
34 35
34 36
34 37
34 38
35 36
35 37
35 38
36 37
36 38
37 38
37 39
39 40
39 41
39 42
39 43
39 44
39 45
39 46
39 47
40 41
40 42
40 43
40 44
40 45
40 46
40 47
40 48
41 42
41 43
41 44
41 45
41 46
41 47
41 48
42 43
42 44
42 45
42 46
42 47
42 48
43 44
43 45
43 46
43 47
43 48
44 45
44 46
44 47
44 48
45 46
45 47
45 48
46 47
46 48
47 48
47 49
49 50
49 51
49 52
49 53
49 54
49 55
49 56
49 57
49 58
50 51
50 52
50 53
50 54
50 55
50 56
50 57
50 59
50 60
51 52
51 53
51 54
51 55
51 56
51 57
51 59
52 53
52 54
52 55
52 56
52 57
52 59
53 54
53 55
53 56
53 57
53 59
54 55
54 56
54 57
54 59
55 56
55 57
55 59
56 57
56 59
57 59
57 61
57 62
61 63
61 64
61 65
61 66
61 67
61 68
61 69
61 70
63 64
63 65
63 66
63 67
63 68
63 69
63 70
63 71
64 65
64 66
64 67
64 68
64 69
64 70
64 71
65 66
65 67
65 68
65 69
65 70
65 71
66 67
66 68
66 69
66 70
66 71
67 68
67 69
67 70
67 71
68 69
68 70
68 71
69 70
69 71
70 71
72 73
72 74
72 75
72 76
72 77
72 78
72 79
72 80
73 74
73 75
73 76
73 77
73 78
73 79
73 80
73 81
74 75
74 76
74 77
74 78
74 79
74 80
74 81
75 76
75 77
75 78
75 79
75 80
75 81
76 77
76 78
76 79
76 80
76 81
76 82
77 78
77 79
77 80
77 81
78 79
78 80
78 81
79 80
79 81
80 81
80 83
83 62
83 84
83 58
83 82
83 85
83 86
83 87
83 60
62 84
62 58
62 82
62 85
62 86
62 87
62 60
62 88
84 58
84 82
84 85
84 86
84 87
84 60
84 88
58 82
58 85
58 86
58 87
58 60
58 88
82 85
82 86
82 87
82 60
82 88
85 86
85 87
85 60
85 88
86 87
86 60
86 88
87 60
87 88
60 88
60 89
89 90
89 91
89 92
89 93
89 94
89 95
89 96
90 91
90 92
90 93
90 94
90 95
90 96
90 97
90 98
91 92
91 93
91 94
91 95
91 96
91 97
91 98
92 93
92 94
92 95
92 96
92 97
92 98
93 94
93 95
93 96
93 97
93 98
94 95
94 96
94 97
94 98
95 96
95 97
95 98
96 97
96 98
97 98
97 12
12 13
12 14
12 15
12 16
12 17
12 18
12 99
13 14
13 15
13 16
13 17
13 18
13 99
13 19
14 15
14 16
14 17
14 18
14 99
14 19
15 16
15 17
15 18
15 99
15 19
16 17
16 18
16 99
16 19
17 18
17 99
17 19
18 99
18 19
99 19

0 0.5890479140880662 0.8637511307899481
1 0.5150620692316024 0.8843587661282601
2 0.49067153527363183 0.9759511090254512
3 0.5844433010980584 0.9150144880712068
4 0.4464501810006131 0.9563327510262611
5 0.46300456360769837 0.9135268817819187
6 0.5327303567637093 0.9439520108191383
7 0.5855551601674064 1.0
8 0.46026467506215946 0.8243621352171063
11 0.17910229612564613 -0.8652984503749109
9 0.5630104462251453 0.8489491030654428
10 0.3864064655095279 0.7170441178707482
20 0.3683365880345234 0.6093924040376597
21 0.27621335415362996 0.6378655307126684
22 0.3284586147349727 0.6470954990681972
23 0.24150470791232878 0.6923771952885457
24 0.2833195265217031 0.6885192523390844
25 0.3145086455794459 0.5916970189428862
26 0.3576060249970834 0.5703111917495389
27 0.23802925624033902 0.5433549602891806
28 0.21051772150345763 0.6358728534711029
29 0.13864521633234972 0.458607217690665
30 0.062272318355413664 0.4658943062898475
31 0.07623498010284109 0.4156587305631782
32 0.02532989971381235 0.49407849055874714
33 -0.019391317592798232 0.4865010536432842
34 -0.010160532547843566 0.44292572541185277
35 0.0228725656682376 0.41034383255013007
36 0.1099803726571254 0.39200859002191224
37 0.040655346672596446 0.34254945261717384
38 -0.06663185661341399 0.4210734683711348
39 0.031188563858610907 0.21299768806918126
40 0.10888546164771336 0.1433833037213235
41 0.13478185230397782 0.10590895285794331
42 0.014515703588042578 0.13177903228554036
43 0.10032877077430688 0.08527397115210915
44 -0.016059276186392878 0.15469744774321076
45 0.06229930672132291 0.1516171355148207
46 0.05349903909941272 0.0943813724486005
47 -0.012067855011690666 0.06052644234120961
48 0.10433105580666968 0.02570895546307458
49 -0.09446997692294924 -0.05278607506841183
50 -0.13953024476252893 -0.1295497425090489
51 -0.21272707450549255 -0.035897004695625026
52 -0.15128033406324506 -0.013948241780995513
53 -0.18721757389676677 -0.07712817239585647
54 -0.18732766965946643 0.011595914738089266
55 -0.14292419359016648 -0.06113259075514029
56 -0.23011163704865284 0.0012581890759094402
57 -0.264895121953605 -0.07171081877694063
59 -0.26203062193722787 -0.1090066851584067
61 -0.4030776568012132 -0.015016012943063494
63 -0.5617867754403807 -0.024400224667661632
64 -0.48333834854762553 0.029473771642549232
65 -0.49975245181114747 0.09960986486981128
66 -0.4639526895297379 0.07563014398255544
67 -0.5348280447808585 0.07084299781835654
68 -0.5480837321072942 0.021543318970818567
69 -0.5281620754733666 -0.05375027785786448
70 -0.49585281525423774 -0.022107205875679648
71 -0.6228994647932712 0.05963538658777611
72 -0.48666729099717726 -0.3980953402535687
73 -0.44203775005769375 -0.4174513106946298
74 -0.4841184992147848 -0.45976305906244436
75 -0.37757573140805695 -0.4969741644403651
76 -0.3600650824712523 -0.3917657142148365
77 -0.4191934046617078 -0.5322980428285438
78 -0.42288295951976146 -0.46703349043693015
79 -0.46319946725521255 -0.5061317278077531
80 -0.33319593343269127 -0.42506805630618066
81 -0.3548706579385256 -0.5400140264057027
83 -0.2419327954470277 -0.30852850903414014
62 -0.22289828944832651 -0.22310407738895538
84 -0.12154744627615267 -0.27574448263633783
58 -0.11406583337548859 -0.20750729428371678
82 -0.21975032011829723 -0.34100415272163886
85 -0.16166950830131516 -0.2587600593649517
86 -0.16091384074244067 -0.33201413616591846
87 -0.12377262121596705 -0.3246869110174919
60 -0.08071110158417989 -0.28490269527508016
88 -0.20067340105675072 -0.27771148318626376
89 0.010775450768165313 -0.40101862524113097
90 0.1138428097106742 -0.44559329143808096
91 0.029068749650217468 -0.5157911810504408
92 0.0704370696783037 -0.48120194842276265
93 0.030656660621220914 -0.5542112864822769
94 0.11917358016340275 -0.4949624706713315
95 0.15160718590255887 -0.4544803945630292
96 0.0757704360040099 -0.534751616927696
97 0.14022750479625118 -0.6047847089891025
98 0.18393524971804334 -0.5386741270249122
12 0.21238139867014075 -0.7214634571020447
13 0.2549927932960131 -0.7943804569308757
14 0.206993008099536 -0.8187602526087406
15 0.2379151589870428 -0.8698262583807124
16 0.2856276034610755 -0.8447507034069094
17 0.330225915324842 -0.8151553022540897
18 0.299650292935191 -0.7639494384969736
99 0.3537506962867023 -0.7609383210305951
19 0.3232058541476118 -0.9102490792883926

