100
0 1
0 2
0 3
0 4
0 5
0 6
0 7
0 8
0 9
1 2
1 3
1 4
1 5
1 6
1 7
1 8
1 10
2 3
2 4
2 5
2 6
2 7
2 8
2 10
3 4
3 5
3 6
3 7
3 8
3 10
4 6
4 7
4 8
4 10
5 6
5 7
5 8
5 10
5 11
6 7
6 8
6 10
7 8
7 10
8 10
9 12
9 13
9 14
9 15
9 16
9 17
9 18
9 19
9 20
21 22
21 23
21 24
21 25
21 26
21 27
21 28
21 29
21 30
21 31
21 32
22 23
22 24
22 25
22 26
22 27
22 28
22 29
22 33
22 32
22 34
23 24
23 25
23 26
23 27
23 28
23 29
23 33
23 31
23 32
23 35
24 25
24 26
24 27
24 28
24 29
24 33
25 26
25 27
25 33
25 36
26 27
26 29
26 33
26 36
26 34
27 28
27 29
27 33
27 31
28 33
28 32
29 37
29 38
29 30
29 39
29 36
33 34
37 40
37 41
37 42
37 43
37 44
37 45
37 46
37 47
40 41
40 42
40 43
40 44
40 45
40 46
40 47
40 38
40 30
41 42
41 43
41 44
41 45
41 46
41 47
41 38
42 43
42 44
42 45
42 46
42 47
42 38
42 30
43 44
43 45
43 46
43 47
44 45
44 46
44 47
44 38
44 30
45 46
45 47
45 38
46 38
46 30
47 48
38 30
38 34
48 49
48 50
48 51
48 52
48 53
48 54
48 55
49 50
49 51
49 52
49 53
49 54
49 56
49 57
50 51
50 52
50 53
50 54
50 58
50 56
50 57
50 55
51 52
51 53
51 54
51 56
51 57
52 53
52 54
52 58
52 56
52 57
52 55
53 54
53 58
53 57
54 58
54 56
54 55
58 57
58 59
58 60
58 61
58 62
56 57
56 59
56 63
56 64
57 63
57 64
57 61
57 55
59 65
59 66
59 67
68 65
68 69
68 66
68 70
68 71
68 72
68 73
65 69
65 66
65 70
65 71
65 74
65 72
65 75
65 76
69 66
69 70
69 71
69 74
69 72
69 73
69 77
69 78
69 76
66 70
66 74
66 72
66 73
66 75
66 76
70 72
70 77
70 76
71 74
71 72
71 75
74 72
74 73
74 79
72 73
72 77
73 77
73 78
73 75
77 80
77 78
77 75
77 79
77 67
77 81
77 76
77 82
80 78
80 75
80 79
80 67
80 81
80 76
80 82
80 83
80 60
80 84
80 64
78 75
78 79
78 67
78 81
78 76
78 82
78 83
75 79
75 67
75 81
75 76
75 82
75 83
79 67
79 81
79 76
79 82
79 83
79 85
79 84
67 81
67 76
67 82
67 83
67 85
67 86
67 62
81 76
81 82
81 83
81 87
81 86
81 63
81 61
76 82
76 83
82 83
82 60
82 85
82 84
82 63
82 61
83 84
83 63
83 61
83 62
60 85
60 87
60 86
60 84
60 63
60 64
60 61
60 55
85 87
85 86
85 84
85 63
85 64
85 61
85 55
85 62
87 86
87 84
87 63
87 64
87 61
87 55
87 62
86 84
86 63
86 64
86 61
86 55
86 62
84 63
84 64
84 61
84 55
84 62
63 64
63 61
63 55
63 62
64 61
64 55
64 62
61 55
61 62
55 62
55 30
30 31
30 32
30 35
30 88
30 89
30 36
30 34
31 39
31 32
31 35
31 88
31 89
31 36
31 34
39 32
39 35
39 88
39 89
39 36
39 34
39 90
32 35
32 88
32 89
32 36
32 34
32 90
35 88
35 89
35 36
35 34
35 90
88 89
88 36
88 34
88 90
89 36
89 34
89 90
36 34
36 90
34 90
34 91
91 92
91 93
91 94
91 95
91 96
91 97
91 98
11 92
11 93
11 94
11 95
11 96
11 97
11 98
11 99
92 93
92 94
92 95
92 96
92 97
92 98
92 99
93 94
93 95
93 96
93 97
93 98
93 99
94 95
94 96
94 97
94 98
94 99
94 18
95 96
95 97
95 98
95 99
95 18
96 97
96 98
96 99
96 15
97 98
97 99
98 99
98 12
12 13
12 14
12 15
12 16
12 17
12 18
12 19
13 14
13 15
13 16
13 17
13 18
13 19
13 20
14 15
14 16
14 17
14 18
14 19
14 20
15 16
15 17
15 18
15 19
15 20
16 17
16 18
16 19
16 20
17 18
17 19
17 20
18 19
18 20
19 20

0 0.8133160883323908 -0.25942940287612976
1 0.8586172600118168 -0.11782232768332906
2 0.8545065364268922 -0.18307341851916267
3 0.8972624932300189 -0.23417487214776564
4 1.0 -0.21253277317541475
5 0.762140710908036 -0.08479014233385367
6 0.9227345297025219 -0.17071317983977488
7 0.931504895138463 -0.10882589650015223
8 0.8727056384514695 -0.060454929899591385
9 0.6548910789336799 -0.31686081679726247
10 0.9405541677615503 -0.026304620376421815
21 0.06751096078943408 0.2848622817245475
22 0.21034555184575823 0.2748195747868355
23 0.14101684020589797 0.3103074786720295
24 0.16586703185892832 0.4290211660091866
25 0.22709596888456163 0.3475598361571907
26 0.19802328433350974 0.2332710935837003
27 0.12922260895358267 0.38387291814950686
28 0.22072920928734815 0.3812488107831328
29 0.02831393173595964 0.30257274439343196
33 0.27588131250142384 0.26897780326940557
37 -0.07212158165860721 0.48740680735198194
40 -0.11193982851876706 0.35101812405448674
41 -0.03761574269977646 0.4439853008163545
42 -0.15044157224299476 0.3285053856370474
43 -0.16666998476175712 0.5018767931151255
44 -0.12174263279808922 0.29693306439894934
45 -0.10604634130538773 0.44213019101389583
46 -0.056983810283276606 0.3423093338989002
47 -0.23565216678029302 0.41073334880578005
38 -0.020182835533157084 0.23820818151385034
48 -0.32703969088273965 0.2770529047185445
49 -0.4720250996018571 0.3116449953357067
50 -0.3566415563747421 0.18894744836579072
51 -0.5136224234407609 0.2894251119205576
52 -0.4086459928447513 0.19903146694172583
53 -0.5158754867878044 0.23804063280797758
54 -0.3874663039111877 0.23242729397038545
58 -0.5062586046461396 0.085013178580667
56 -0.5283318580182271 0.13142598425441865
57 -0.4013623661675346 0.13195215215932485
59 -0.6531281160996371 0.01147652491449294
68 -0.8772572527339927 -0.2537667609164188
65 -0.7555478382794071 -0.10639284635515765
69 -0.7189868145960776 -0.2831062068530354
66 -0.7324141813504701 -0.15641473019786462
70 -0.7746125869466544 -0.22075455142845468
71 -0.7990478138053638 -0.17815391458171548
74 -0.6427682767105387 -0.28133019696317707
72 -0.7683371900554335 -0.30346446855449444
73 -0.6810050120501501 -0.3660984230165422
77 -0.5744571079302899 -0.2757399429982356
80 -0.4295858781448975 -0.21050581941326152
78 -0.5215827185835816 -0.3008938658156423
75 -0.5948424984534186 -0.2119129942035791
79 -0.44175196116857274 -0.26204692494367865
67 -0.5206596107910592 -0.10262080389933337
81 -0.48023508986510266 -0.122385637013195
76 -0.6076396857597358 -0.16650026186008599
82 -0.4752548176438621 -0.16516876879487455
83 -0.43122042828582374 -0.16355985142545437
60 -0.34724054974360963 -0.053956451951022104
85 -0.3330624380090326 -0.11333948979964349
87 -0.25269160794985734 -0.08561121594865467
86 -0.2897445576471787 -0.060370377321915046
84 -0.2949962584581363 -0.1377547339554713
63 -0.40412927147113686 0.012178934401033532
64 -0.3454411376738019 0.02924350677425994
61 -0.3892867533677862 -0.017489355017082434
55 -0.2444952851646187 0.07753878470406143
62 -0.3302283393460022 -0.02079541017537184
30 -0.06710262844898553 0.15061033664885223
31 0.037673644601359094 0.1704705587940248
39 0.18119710018254875 0.13609712666543233
32 0.09971598931645817 0.1728125586570495
35 0.04314401563160525 0.08860409567174621
88 0.052782634907303 0.02206566068142277
89 0.018480961486818614 0.0399431893118252
36 0.07394387614212358 0.13641055048011339
34 0.13940090316471102 0.09254200384624697
90 0.1487011708649403 0.007757287528392143
91 0.2898155058556133 -0.02631474295744387
11 0.5882544743640968 -0.06658636840756302
92 0.41356806890589837 -0.01690237967725201
93 0.45879127983058277 -0.00014764804739313147
94 0.4243147839952796 -0.1369164797203588
95 0.4678657974482049 -0.10202616790434164
96 0.3855821948846926 -0.14642486187221987
97 0.46340333205090234 0.04017314515092838
98 0.42450789144681467 -0.08800659654092557
99 0.5585654714208224 -0.0031803340111378003
12 0.530541624026562 -0.25449667323941033
13 0.6223592878216253 -0.4044346986178926
14 0.4814459483768709 -0.4205004700326127
15 0.45314968151312074 -0.324979546879405
16 0.5984726650152744 -0.35095626595974816
17 0.5510211227080091 -0.3929969200137576
18 0.49139501931853474 -0.28750161359639453
19 0.5211483121913464 -0.44772683772427235
20 0.5839367290267029 -0.4672906826659706

