100
0 1
0 2
0 3
0 4
0 5
0 6
0 7
0 8
0 9
10 1
10 2
10 3
10 4
10 5
10 6
10 7
10 8
1 2
1 3
1 4
1 5
1 6
1 7
1 8
2 3
2 4
2 5
2 6
2 7
2 8
3 4
3 5
3 6
3 7
3 8
4 5
4 6
4 7
4 8
5 6
5 7
5 8
6 7
6 8
7 8
8 11
11 12
11 13
11 14
11 15
11 16
11 17
11 18
11 19
20 12
20 13
20 14
20 15
20 16
20 17
20 18
20 19
12 13
12 14
12 15
12 16
12 17
12 18
12 19
13 14
13 15
13 16
13 17
13 18
13 19
14 15
14 16
14 17
14 18
14 19
15 16
15 17
15 18
15 19
16 17
16 18
16 19
17 18
17 19
18 19
19 21
21 22
21 23
21 24
21 25
21 26
21 27
21 28
21 29
30 22
30 23
30 24
30 25
30 26
30 27
30 28
30 29
22 23
22 24
22 25
22 26
22 27
22 28
22 29
23 24
23 25
23 26
23 27
23 28
23 29
24 25
24 26
24 27
24 28
24 29
25 26
25 27
25 28
25 29
26 27
26 28
26 29
27 28
27 29
28 29
29 31
31 32
31 33
31 34
31 35
31 36
31 37
31 38
31 39
40 32
40 33
40 34
40 35
40 36
40 37
40 38
40 39
32 33
32 34
32 35
32 36
32 37
32 38
32 39
33 34
33 35
33 36
33 37
33 38
33 39
34 35
34 36
34 37
34 38
34 39
35 36
35 37
35 38
35 39
36 37
36 38
36 39
37 38
37 39
38 39
39 41
41 42
41 43
41 44
41 45
41 46
41 47
41 48
41 49
50 42
50 43
50 44
50 45
50 46
50 47
50 48
50 49
42 43
42 44
42 45
42 46
42 47
42 48
42 49
43 44
43 45
43 46
43 47
43 48
43 49
44 45
44 46
44 47
44 48
44 49
45 46
45 47
45 48
45 49
46 47
46 48
46 49
47 48
47 49
48 49
49 51
51 52
51 53
51 54
51 55
51 56
51 57
51 58
51 59
60 52
60 53
60 54
60 55
60 56
60 57
60 58
60 59
52 53
52 54
52 55
52 56
52 57
52 58
52 59
53 54
53 55
53 56
53 57
53 58
53 59
54 55
54 56
54 57
54 58
54 59
55 56
55 57
55 58
55 59
56 57
56 58
56 59
57 58
57 59
58 59
59 61
61 62
61 63
61 64
61 65
61 66
61 67
61 68
61 69
70 62
70 63
70 64
70 65
70 66
70 67
70 68
70 69
62 63
62 64
62 65
62 66
62 67
62 68
62 69
63 64
63 65
63 66
63 67
63 68
63 69
64 65
64 66
64 67
64 68
64 69
65 66
65 67
65 68
65 69
66 67
66 68
66 69
67 68
67 69
68 69
69 71
71 72
71 73
71 74
71 75
71 76
71 77
71 78
71 79
80 72
80 73
80 74
80 75
80 76
80 77
80 78
80 79
72 73
72 74
72 75
72 76
72 77
72 78
72 79
73 74
73 75
73 76
73 77
73 78
73 79
74 75
74 76
74 77
74 78
74 79
75 76
75 77
75 78
75 79
76 77
76 78
76 79
77 78
77 79
78 79
79 81
81 82
81 83
81 84
81 85
81 86
81 87
81 88
81 89
90 82
90 83
90 84
90 85
90 86
90 87
90 88
90 89
82 83
82 84
82 85
82 86
82 87
82 88
82 89
83 84
83 85
83 86
83 87
83 88
83 89
84 85
84 86
84 87
84 88
84 89
85 86
85 87
85 88
85 89
86 87
86 88
86 89
87 88
87 89
88 89
89 91
91 92
91 93
91 94
91 95
91 96
91 97
91 98
91 9
99 92
99 93
99 94
99 95
99 96
99 97
99 98
99 9
92 93
92 94
92 95
92 96
92 97
92 98
92 9
93 94
93 95
93 96
93 97
93 98
93 9
94 95
94 96
94 97
94 98
94 9
95 96
95 97
95 98
95 9
96 97
96 98
96 9
97 98
97 9
98 9

0 0.75579562415417 0.09202804256452402
10 0.9166592061513329 0.4148807110614605
1 0.7178536011068551 0.22457651507781415
2 0.8670742035078718 0.3127717658925167
3 0.9386975356752579 0.2829335225308226
4 0.9357051790843025 0.21385054886973742
5 0.8701322414907103 0.18725829416832748
6 0.7945342023208944 0.2987309630673424
7 0.7927815336544924 0.20964939633368243
8 0.6972017022986504 0.33984243293608585
11 0.5573587706725694 0.5186978186234682
20 0.4977321013834551 0.8744442965400013
12 0.4487528204762408 0.6036300407797375
13 0.5176360907237341 0.7626913061317026
14 0.5931188979095596 0.7806504421989661
15 0.6313031810430194 0.7230015789103216
16 0.5938833765778323 0.6629455524934049
17 0.46720205643340856 0.7086949954651897
18 0.5181440032180391 0.6355952919980237
19 0.36429366480693576 0.684743203829864
21 0.1460297971962362 0.7472425654486207
30 -0.11131173103845433 1.0
22 0.008244566298510881 0.75211751059802
23 -0.02952513202465386 0.9212860038205994
24 0.020985334904434348 0.9801845704353851
25 0.08576324540942776 0.9559942806172748
26 0.09079338513344225 0.885413680667203
27 -0.038583399496763135 0.847956953669915
28 0.04559715907172408 0.8187667904658599
29 -0.1077622157001347 0.7680952786699123
31 -0.3210776064116009 0.6903661081418122
40 -0.6778382813308512 0.7435895252394013
32 -0.4354138692207789 0.6133214533883741
33 -0.5654042977324432 0.7279845097113848
34 -0.5591593771483798 0.8053229387371539
35 -0.49253300075147005 0.8238251265928709
36 -0.4469789160997574 0.7696791956205834
37 -0.5296343226718565 0.6633338691873043
38 -0.44437131773454597 0.689195074767674
39 -0.5386565121484628 0.5580611258856096
41 -0.6655442506930078 0.36979326982254335
50 -0.9854536011758782 0.20315320701393966
42 -0.7127585143244227 0.24025724895973158
43 -0.8853211738331224 0.25661712358468963
44 -0.9257265664278566 0.3228558266900573
45 -0.882698271021525 0.3769853827212003
46 -0.8140183033567587 0.35995490045006506
47 -0.8183829996943005 0.2253365589164239
48 -0.7646022321432436 0.2963739354521315
49 -0.7638024079904528 0.13486656348562762
51 -0.755795612791626 -0.09202805134170272
60 -0.9166592520537293 -0.41488072472208787
52 -0.7178537733761525 -0.22457630040532808
53 -0.8670728004359965 -0.3127724174865576
54 -0.9386966732062056 -0.28293444550035
55 -0.9357060034618321 -0.21385161890419094
56 -0.870133639567863 -0.18725827773227646
57 -0.7945331774706965 -0.2987295724183841
58 -0.792782607082417 -0.2096484076814382
59 -0.6972016825077259 -0.3398424572508939
61 -0.5573587865730812 -0.5186977555526471
70 -0.49773211692673924 -0.8744443251904279
62 -0.44875298131286895 -0.6036299643743688
63 -0.5176350950870676 -0.7626911239389839
64 -0.5931180946204918 -0.780650612402612
65 -0.6313032184135507 -0.7230024623093149
66 -0.5938841350356983 -0.66294606758974
67 -0.46720203531802595 -0.7086938743130377
68 -0.5181449495984415 -0.635595174739797
69 -0.3642935386652946 -0.684743221366404
71 -0.14602988943716624 -0.7472425234689644
80 0.11131173400859497 -0.9999999920715215
72 -0.00824447040058608 -0.7521174600985714
73 0.0295248075673097 -0.9212863928324985
74 -0.020985707751074834 -0.9801847661576476
75 -0.08576350968161978 -0.9559939356301916
76 -0.09079324626547838 -0.8854132624680185
77 0.038583730694929486 -0.8479574224908548
78 -0.04559676058482565 -0.818766548120676
79 0.1077623022715672 -0.7680952473127058
81 0.32107750340860036 -0.6903661382426273
90 0.6778382745189021 -0.7435895136245221
82 0.43541396724201487 -0.6133212736302421
83 0.5654042500969877 -0.7279853268736111
84 0.5591590501089939 -0.8053235519380579
85 0.49253229818652117 -0.8238249191429379
86 0.44697872704045405 -0.7696784782069639
87 0.529635172384442 -0.663334195770653
88 0.44437156037559444 -0.6891943418391291
89 0.5386566011512148 -0.5580610402051271
91 0.6655441798476825 -0.36979332250636354
99 0.9854536630557434 -0.20315322359422086
92 0.7127585214809651 -0.24025762083199373
93 0.8853201949174336 -0.2566153575235448
94 0.9257263871106786 -0.3228541785260353
95 0.8826999874764027 -0.3769848832122776
96 0.8140197726214267 -0.35995602403502713
97 0.8183808573052316 -0.22533720798508344
98 0.7646026453118889 -0.29637580160775134
9 0.7638023889102876 -0.13486649306599724

