520
0 1
0 2
0 3
0 4
0 5
1 2
1 3
1 4
1 6
2 3
2 4
2 7
3 4
3 8
4 9
10 11
10 12
10 13
10 14
10 5
11 12
11 13
11 14
11 6
12 13
12 14
12 15
13 14
13 16
14 17
18 19
18 20
18 21
18 22
18 5
19 20
19 21
19 22
19 6
20 21
20 22
20 23
21 22
21 24
22 25
26 27
26 28
26 29
26 30
26 5
27 28
27 29
27 30
27 6
28 29
28 30
28 31
29 30
29 32
30 33
34 35
34 36
34 37
34 38
34 5
35 36
35 37
35 38
35 6
36 37
36 38
36 39
37 38
37 40
38 41
42 43
42 44
42 45
42 46
42 5
43 44
43 45
43 46
43 6
44 45
44 46
44 47
45 46
45 48
46 49
50 51
50 52
50 53
50 54
50 5
51 52
51 53
51 54
51 6
52 53
52 54
52 55
53 54
53 56
54 57
58 59
58 60
58 61
58 62
58 5
59 60
59 61
59 62
59 6
60 61
60 62
60 63
61 62
61 64
62 65
66 67
66 68
66 69
66 70
66 5
67 68
67 69
67 70
67 6
68 69
68 70
68 71
69 70
69 72
70 73
74 75
74 76
74 77
74 78
74 5
75 76
75 77
75 78
75 6
76 77
76 78
76 79
77 78
77 80
78 81
82 83
82 84
82 85
82 86
82 5
83 84
83 85
83 86
83 6
84 85
84 86
84 87
85 86
85 88
86 89
90 91
90 92
90 93
90 94
90 5
91 92
91 93
91 94
91 6
92 93
92 94
92 95
93 94
93 96
94 97
98 99
98 100
98 101
98 102
98 7
99 100
99 101
99 102
99 8
100 101
100 102
100 15
101 102
101 16
102 17
103 104
103 105
103 106
103 107
103 7
104 105
104 106
104 107
104 8
105 106
105 107
105 23
106 107
106 24
107 25
108 109
108 110
108 111
108 112
108 7
109 110
109 111
109 112
109 8
110 111
110 112
110 31
111 112
111 32
112 33
113 114
113 115
113 116
113 117
113 7
114 115
114 116
114 117
114 8
115 116
115 117
115 39
116 117
116 40
117 41
118 119
118 120
118 121
118 122
118 7
119 120
119 121
119 122
119 8
120 121
120 122
120 47
121 122
121 48
122 49
123 124
123 125
123 126
123 127
123 7
124 125
124 126
124 127
124 8
125 126
125 127
125 55
126 127
126 56
127 57
128 129
128 130
128 131
128 132
128 7
129 130
129 131
129 132
129 8
130 131
130 132
130 63
131 132
131 64
132 65
133 134
133 135
133 136
133 137
133 7
134 135
134 136
134 137
134 8
135 136
135 137
135 71
136 137
136 72
137 73
138 139
138 140
138 141
138 142
138 7
139 140
139 141
139 142
139 8
140 141
140 142
140 79
141 142
141 80
142 81
143 144
143 145
143 146
143 147
143 7
144 145
144 146
144 147
144 8
145 146
145 147
145 87
146 147
146 88
147 89
148 149
148 150
148 151
148 152
148 7
149 150
149 151
149 152
149 8
150 151
150 152
150 95
151 152
151 96
152 97
153 154
153 155
153 156
153 157
153 15
154 155
154 156
154 157
154 16
155 156
155 157
155 23
156 157
156 24
157 25
158 159
158 160
158 161
158 162
158 15
159 160
159 161
159 162
159 16
160 161
160 162
160 31
161 162
161 32
162 33
163 164
163 165
163 166
163 167
163 15
164 165
164 166
164 167
164 16
165 166
165 167
165 39
166 167
166 40
167 41
168 169
168 170
168 171
168 172
168 15
169 170
169 171
169 172
169 16
170 171
170 172
170 47
171 172
171 48
172 49
173 174
173 175
173 176
173 177
173 15
174 175
174 176
174 177
174 16
175 176
175 177
175 55
176 177
176 56
177 57
178 179
178 180
178 181
178 182
178 15
179 180
179 181
179 182
179 16
180 181
180 182
180 63
181 182
181 64
182 65
183 184
183 185
183 186
183 187
183 15
184 185
184 186
184 187
184 16
185 186
185 187
185 71
186 187
186 72
187 73
188 189
188 190
188 191
188 192
188 15
189 190
189 191
189 192
189 16
190 191
190 192
190 79
191 192
191 80
192 81
193 194
193 195
193 196
193 197
193 15
194 195
194 196
194 197
194 16
195 196
195 197
195 87
196 197
196 88
197 89
198 199
198 200
198 201
198 202
198 15
199 200
199 201
199 202
199 16
200 201
200 202
200 95
201 202
201 96
202 97
203 204
203 205
203 206
203 207
203 23
204 205
204 206
204 207
204 24
205 206
205 207
205 31
206 207
206 32
207 33
208 209
208 210
208 211
208 212
208 23
209 210
209 211
209 212
209 24
210 211
210 212
210 39
211 212
211 40
212 41
213 214
213 215
213 216
213 217
213 23
214 215
214 216
214 217
214 24
215 216
215 217
215 47
216 217
216 48
217 49
218 219
218 220
218 221
218 222
218 23
219 220
219 221
219 222
219 24
220 221
220 222
220 55
221 222
221 56
222 57
223 224
223 225
223 226
223 227
223 23
224 225
224 226
224 227
224 24
225 226
225 227
225 63
226 227
226 64
227 65
228 229
228 230
228 231
228 232
228 23
229 230
229 231
229 232
229 24
230 231
230 232
230 71
231 232
231 72
232 73
233 234
233 235
233 236
233 237
233 23
234 235
234 236
234 237
234 24
235 236
235 237
235 79
236 237
236 80
237 81
238 239
238 240
238 241
238 242
238 23
239 240
239 241
239 242
239 24
240 241
240 242
240 87
241 242
241 88
242 89
243 244
243 245
243 246
243 247
243 23
244 245
244 246
244 247
244 24
245 246
245 247
245 95
246 247
246 96
247 97
248 249
248 250
248 251
248 252
248 31
249 250
249 251
249 252
249 32
250 251
250 252
250 39
251 252
251 40
252 41
253 254
253 255
253 256
253 257
253 31
254 255
254 256
254 257
254 32
255 256
255 257
255 47
256 257
256 48
257 49
258 259
258 260
258 261
258 262
258 31
259 260
259 261
259 262
259 32
260 261
260 262
260 55
261 262
261 56
262 57
263 264
263 265
263 266
263 267
263 31
264 265
264 266
264 267
264 32
265 266
265 267
265 63
266 267
266 64
267 65
268 269
268 270
268 271
268 272
268 31
269 270
269 271
269 272
269 32
270 271
270 272
270 71
271 272
271 72
272 73
273 274
273 275
273 276
273 277
273 31
274 275
274 276
274 277
274 32
275 276
275 277
275 79
276 277
276 80
277 81
278 279
278 280
278 281
278 282
278 31
279 280
279 281
279 282
279 32
280 281
280 282
280 87
281 282
281 88
282 89
283 284
283 285
283 286
283 287
283 31
284 285
284 286
284 287
284 32
285 286
285 287
285 95
286 287
286 96
287 97
288 289
288 290
288 291
288 292
288 39
289 290
289 291
289 292
289 40
290 291
290 292
290 47
291 292
291 48
292 49
293 294
293 295
293 296
293 297
293 39
294 295
294 296
294 297
294 40
295 296
295 297
295 55
296 297
296 56
297 57
298 299
298 300
298 301
298 302
298 39
299 300
299 301
299 302
299 40
300 301
300 302
300 63
301 302
301 64
302 65
303 304
303 305
303 306
303 307
303 39
304 305
304 306
304 307
304 40
305 306
305 307
305 71
306 307
306 72
307 73
308 309
308 310
308 311
308 312
308 39
309 310
309 311
309 312
309 40
310 311
310 312
310 79
311 312
311 80
312 81
313 314
313 315
313 316
313 317
313 39
314 315
314 316
314 317
314 40
315 316
315 317
315 87
316 317
316 88
317 89
318 319
318 320
318 321
318 322
318 39
319 320
319 321
319 322
319 40
320 321
320 322
320 95
321 322
321 96
322 97
323 324
323 325
323 326
323 327
323 47
324 325
324 326
324 327
324 48
325 326
325 327
325 55
326 327
326 56
327 57
328 329
328 330
328 331
328 332
328 47
329 330
329 331
329 332
329 48
330 331
330 332
330 63
331 332
331 64
332 65
333 334
333 335
333 336
333 337
333 47
334 335
334 336
334 337
334 48
335 336
335 337
335 71
336 337
336 72
337 73
338 339
338 340
338 341
338 342
338 47
339 340
339 341
339 342
339 48
340 341
340 342
340 79
341 342
341 80
342 81
343 344
343 345
343 346
343 347
343 47
344 345
344 346
344 347
344 48
345 346
345 347
345 87
346 347
346 88
347 89
348 349
348 350
348 351
348 352
348 47
349 350
349 351
349 352
349 48
350 351
350 352
350 95
351 352
351 96
352 97
353 354
353 355
353 356
353 357
353 55
354 355
354 356
354 357
354 56
355 356
355 357
355 63
356 357
356 64
357 65
358 359
358 360
358 361
358 362
358 55
359 360
359 361
359 362
359 56
360 361
360 362
360 71
361 362
361 72
362 73
363 364
363 365
363 366
363 367
363 55
364 365
364 366
364 367
364 56
365 366
365 367
365 79
366 367
366 80
367 81
368 369
368 370
368 371
368 372
368 55
369 370
369 371
369 372
369 56
370 371
370 372
370 87
371 372
371 88
372 89
373 374
373 375
373 376
373 377
373 55
374 375
374 376
374 377
374 56
375 376
375 377
375 95
376 377
376 96
377 97
378 379
378 380
378 381
378 382
378 63
379 380
379 381
379 382
379 64
380 381
380 382
380 71
381 382
381 72
382 73
383 384
383 385
383 386
383 387
383 63
384 385
384 386
384 387
384 64
385 386
385 387
385 79
386 387
386 80
387 81
388 389
388 390
388 391
388 392
388 63
389 390
389 391
389 392
389 64
390 391
390 392
390 87
391 392
391 88
392 89
393 394
393 395
393 396
393 397
393 63
394 395
394 396
394 397
394 64
395 396
395 397
395 95
396 397
396 96
397 97
398 399
398 400
398 401
398 402
398 71
399 400
399 401
399 402
399 72
400 401
400 402
400 79
401 402
401 80
402 81
403 404
403 405
403 406
403 407
403 71
404 405
404 406
404 407
404 72
405 406
405 407
405 87
406 407
406 88
407 89
408 409
408 410
408 411
408 412
408 71
409 410
409 411
409 412
409 72
410 411
410 412
410 95
411 412
411 96
412 97
413 414
413 415
413 416
413 417
413 79
414 415
414 416
414 417
414 80
415 416
415 417
415 87
416 417
416 88
417 89
418 419
418 420
418 421
418 422
418 79
419 420
419 421
419 422
419 80
420 421
420 422
420 95
421 422
421 96
422 97
423 424
423 425
423 426
423 427
423 87
424 425
424 426
424 427
424 88
425 426
425 427
425 95
426 427
426 96
427 97
5 6
5 428
5 429
5 430
5 431
5 432
5 433
5 434
5 435
6 428
6 429
6 430
6 431
6 432
6 433
6 434
6 435
428 429
428 430
428 431
428 432
428 433
428 434
428 435
429 430
429 431
429 432
429 433
429 434
429 435
430 431
430 432
430 433
430 434
430 435
431 432
431 433
431 434
431 435
432 433
432 434
432 435
433 434
433 435
434 435
7 8
7 9
7 436
7 437
7 438
7 439
7 440
7 441
7 442
8 9
8 436
8 437
8 438
8 439
8 440
8 441
8 442
9 436
9 437
9 438
9 439
9 440
9 441
9 442
436 437
436 438
436 439
436 440
436 441
436 442
437 438
437 439
437 440
437 441
437 442
438 439
438 440
438 441
438 442
439 440
439 441
439 442
440 441
440 442
441 442
15 16
15 17
15 443
15 444
15 445
15 446
15 447
15 448
15 449
16 17
16 443
16 444
16 445
16 446
16 447
16 448
16 449
17 443
17 444
17 445
17 446
17 447
17 448
17 449
443 444
443 445
443 446
443 447
443 448
443 449
444 445
444 446
444 447
444 448
444 449
445 446
445 447
445 448
445 449
446 447
446 448
446 449
447 448
447 449
448 449
23 24
23 25
23 450
23 451
23 452
23 453
23 454
23 455
23 456
24 25
24 450
24 451
24 452
24 453
24 454
24 455
24 456
25 450
25 451
25 452
25 453
25 454
25 455
25 456
450 451
450 452
450 453
450 454
450 455
450 456
451 452
451 453
451 454
451 455
451 456
452 453
452 454
452 455
452 456
453 454
453 455
453 456
454 455
454 456
455 456
31 32
31 33
31 457
31 458
31 459
31 460
31 461
31 462
31 463
32 33
32 457
32 458
32 459
32 460
32 461
32 462
32 463
33 457
33 458
33 459
33 460
33 461
33 462
33 463
457 458
457 459
457 460
457 461
457 462
457 463
458 459
458 460
458 461
458 462
458 463
459 460
459 461
459 462
459 463
460 461
460 462
460 463
461 462
461 463
462 463
39 40
39 41
39 464
39 465
39 466
39 467
39 468
39 469
39 470
40 41
40 464
40 465
40 466
40 467
40 468
40 469
40 470
41 464
41 465
41 466
41 467
41 468
41 469
41 470
464 465
464 466
464 467
464 468
464 469
464 470
465 466
465 467
465 468
465 469
465 470
466 467
466 468
466 469
466 470
467 468
467 469
467 470
468 469
468 470
469 470
47 48
47 49
47 471
47 472
47 473
47 474
47 475
47 476
47 477
48 49
48 471
48 472
48 473
48 474
48 475
48 476
48 477
49 471
49 472
49 473
49 474
49 475
49 476
49 477
471 472
471 473
471 474
471 475
471 476
471 477
472 473
472 474
472 475
472 476
472 477
473 474
473 475
473 476
473 477
474 475
474 476
474 477
475 476
475 477
476 477
55 56
55 57
55 478
55 479
55 480
55 481
55 482
55 483
55 484
56 57
56 478
56 479
56 480
56 481
56 482
56 483
56 484
57 478
57 479
57 480
57 481
57 482
57 483
57 484
478 479
478 480
478 481
478 482
478 483
478 484
479 480
479 481
479 482
479 483
479 484
480 481
480 482
480 483
480 484
481 482
481 483
481 484
482 483
482 484
483 484
63 64
63 65
63 485
63 486
63 487
63 488
63 489
63 490
63 491
64 65
64 485
64 486
64 487
64 488
64 489
64 490
64 491
65 485
65 486
65 487
65 488
65 489
65 490
65 491
485 486
485 487
485 488
485 489
485 490
485 491
486 487
486 488
486 489
486 490
486 491
487 488
487 489
487 490
487 491
488 489
488 490
488 491
489 490
489 491
490 491
71 72
71 73
71 492
71 493
71 494
71 495
71 496
71 497
71 498
72 73
72 492
72 493
72 494
72 495
72 496
72 497
72 498
73 492
73 493
73 494
73 495
73 496
73 497
73 498
492 493
492 494
492 495
492 496
492 497
492 498
493 494
493 495
493 496
493 497
493 498
494 495
494 496
494 497
494 498
495 496
495 497
495 498
496 497
496 498
497 498
79 80
79 81
79 499
79 500
79 501
79 502
79 503
79 504
79 505
80 81
80 499
80 500
80 501
80 502
80 503
80 504
80 505
81 499
81 500
81 501
81 502
81 503
81 504
81 505
499 500
499 501
499 502
499 503
499 504
499 505
500 501
500 502
500 503
500 504
500 505
501 502
501 503
501 504
501 505
502 503
502 504
502 505
503 504
503 505
504 505
87 88
87 89
87 506
87 507
87 508
87 509
87 510
87 511
87 512
88 89
88 506
88 507
88 508
88 509
88 510
88 511
88 512
89 506
89 507
89 508
89 509
89 510
89 511
89 512
506 507
506 508
506 509
506 510
506 511
506 512
507 508
507 509
507 510
507 511
507 512
508 509
508 510
508 511
508 512
509 510
509 511
509 512
510 511
510 512
511 512
95 96
95 97
95 513
95 514
95 515
95 516
95 517
95 518
95 519
96 97
96 513
96 514
96 515
96 516
96 517
96 518
96 519
97 513
97 514
97 515
97 516
97 517
97 518
97 519
513 514
513 515
513 516
513 517
513 518
513 519
514 515
514 516
514 517
514 518
514 519
515 516
515 517
515 518
515 519
516 517
516 518
516 519
517 518
517 519
518 519

0 0.7853080769400614 0.18025553677286762
1 0.7618768374717553 0.23175619492274532
2 0.736789372058247 0.3001079907375
3 0.7209314433658952 0.3620356187911908
4 0.9594379081782921 0.3691432995501863
10 0.6463404783970212 0.3034149329719143
11 0.6964782804675266 0.3261379716969302
12 0.6119220520048755 0.42594088626115334
13 0.577223181493016 0.4785653927491324
14 0.8413398101115431 0.5473200805118937
18 0.5314728077486688 0.36507373883337607
19 0.5458182697780217 0.41990546359523373
20 0.4081843310711192 0.5585263565925094
21 0.3519727626930707 0.5306413585783181
22 0.6277589845861372 0.7251660710414113
26 0.39416640661245855 0.39267234391511574
27 0.3943395791261861 0.4403592623790388
28 0.17318295101148143 0.5644891321146953
29 0.12421676942253221 0.531202702876169
30 0.35510891798381383 0.8219390949441998
34 0.266597930813979 0.374459812220319
35 0.2533604004323371 0.4200134153971935
36 -0.038393631811486126 0.48173626034910777
37 -0.06896291984247317 0.43755602878139294
38 0.06929408884470821 0.8150992545960557
42 0.1559588956535951 0.2479413099344476
43 0.14556742580001877 0.30517056351444677
44 -0.1824470944437393 0.29031526273964375
45 -0.19376438327747195 0.22862728951860592
46 -0.16216521618389576 0.6331423330416286
50 0.09486830504516588 0.02145659960802278
51 0.10102195262270523 0.091263878728918
52 -0.23567113077106852 -0.026256548680543675
53 -0.2249202210826525 -0.08822470117606993
54 -0.3109926624346134 0.18615967191278276
58 0.16047912111476711 -0.1390323627692187
59 0.1331251819141193 -0.09348319044323007
60 -0.13702641783854663 -0.3326510232176807
61 -0.12645470813708454 -0.3957642246986554
62 -0.23897089601499244 -0.27773502778337306
66 0.3608422434162405 -0.2779242089817556
67 0.3265812537386271 -0.23605262426666715
68 0.17120768263550296 -0.556168543411796
69 0.11858573975624925 -0.5627025707762313
70 0.05007767884066978 -0.5419148998968745
74 0.5258524650738851 -0.2835136410392587
75 0.5174095492339202 -0.23579835044148972
76 0.4419569124458114 -0.5274433941719058
77 0.390909151356522 -0.5593494997934194
78 0.3322327726849842 -0.5678057434121131
82 0.7679153461314554 -0.03363835659075874
83 0.7090306449087524 -0.06590943995407897
84 0.8361825617116206 -0.20524578836969376
85 0.8005399572900439 -0.2345955789409511
86 0.8514716514044123 -0.1461188239621542
90 0.6890081056425174 -0.17016303939434294
91 0.6467966473248593 -0.1432873676760541
92 0.6489035913576495 -0.41582234390285283
93 0.6022408201778221 -0.4451603290478605
94 0.6918825088153037 -0.40403387570743227
98 0.6571929099539873 0.4506365656412397
99 0.6248211030587776 0.49577675981974006
100 0.5701661106158227 0.5505041982601394
101 0.5132355172314161 0.6124703067862678
102 0.7563757170374359 0.6943373649770386
103 0.48131875380662426 0.514373806732601
104 0.498288000950912 0.5628482822066919
105 0.36400660757303516 0.6549781865287515
106 0.30989670846493816 0.6381605822045642
107 0.5376355769773167 0.8338384403132786
108 0.3235013194992866 0.5280386649651886
109 0.3313542175698879 0.5823246031908437
110 0.1174588549932157 0.6665111594721186
111 0.06740320067839695 0.6161650677783574
112 0.257647543337116 0.9026410846254238
113 0.2051954123166225 0.5369909748446481
114 0.19891899673146102 0.49183952046128565
115 -0.08832154436448499 0.5684689654472782
116 -0.12132041294830337 0.5167581216431115
117 -0.013339516122372694 0.8727253378506119
118 0.1105812134338928 0.41307273419025303
119 0.0825223848933424 0.45300280747372607
120 -0.2320485019894344 0.409256332380978
121 -0.24315534163235517 0.3545182105483254
122 -0.24290673813843758 0.7518566057002699
123 0.03033577570564038 0.27278541467282774
124 0.05904233271833751 0.23362503287478079
125 -0.27409211635595104 0.11589265513406254
126 -0.2771249417943733 0.05791159658439007
127 -0.3873484923029308 0.38781795915695016
128 0.0749777851023243 0.05754061227596927
129 0.12203691991876602 0.02191587625283303
130 -0.18815386012968766 -0.16490483121783286
131 -0.14005664900563067 -0.20854798015801398
132 -0.2919698519771298 -0.029220813804798098
133 0.2506544383682293 -0.07511344728138437
134 0.3003632984778199 -0.10015884955940316
135 0.1395056221202567 -0.4526338745938272
136 0.0957744461903209 -0.4126209924832599
137 0.01992391502782949 -0.3852611562561169
138 0.4560219181469116 -0.09922110934182181
139 0.5021207899879196 -0.10438664500448092
140 0.46149023422948543 -0.42523028697324733
141 0.4128245571298175 -0.4505682060005559
142 0.3486771707941015 -0.4580279036733186
143 0.7435483223371879 0.11668665241684073
144 0.6980797215132112 0.1059332570754255
145 0.8233807547056723 -0.10446141722513569
146 0.7852027198783754 -0.14256559101883864
147 0.8437311803214466 -0.04201977151553302
148 0.6448526865284271 -0.042673497815114814
149 0.6046244027236278 -0.021910137631101875
150 0.6945974754712988 -0.28575417908414047
151 0.6459159848252383 -0.3249352181941907
152 0.6089218677680908 -0.35424329212618455
153 0.4048206573806559 0.6789166828144871
154 0.3471317488225432 0.6983841999565827
155 0.2668957830380225 0.7384508596720603
156 0.21328426430885547 0.7614529464841678
157 0.4060442403081721 0.9311288886297251
158 0.23492814652470898 0.6496128732488016
159 0.20952430122766494 0.6999837473631912
160 0.03226184179477237 0.728732741443594
161 -0.018455817044579676 0.7148942092456112
162 0.13633065678996045 0.9630415152083455
163 0.0926087668091566 0.5926101386060144
164 0.05897149814088343 0.6443403470752759
165 -0.19123396218206157 0.6284821356964703
166 -0.21204757706338992 0.564117166189507
167 -0.13365366757443262 0.9065282480639594
168 -0.002685951985797112 0.5133506724563702
169 -0.03417194836411333 0.5581662489057071
170 -0.33305816055591214 0.47460187347887767
171 -0.33036327954152106 0.41424055071679206
172 -0.3479852661248676 0.7786921772460446
173 -0.05713596901508693 0.35234567738542916
174 -0.09351918956809563 0.40427455819222397
175 -0.3973155793971408 0.22809794523243201
176 -0.3816614528873161 0.17111080276491714
177 -0.5055292514530678 0.5089719855407796
178 -0.02558056537017417 0.17997254089479073
179 -0.06466331461989695 0.22494087064515397
180 -0.31960944171659766 -0.05442420387199756
181 -0.2693157728519347 -0.09857826106848436
182 -0.4723573283153306 0.12636040877856247
183 0.1820662728707568 0.02508737199412178
184 0.12762844133022266 0.053058926349111656
185 0.03255308016663958 -0.29963309862420257
186 -0.028163403382074344 -0.3061826838354595
187 -0.08103250149269484 -0.2147880230357979
188 0.39592460748931885 0.002067473651323443
189 0.32646742485104535 0.02360075113007925
190 0.3961207145647622 -0.3526337979273879
191 0.3374411677185284 -0.34990168330962823
192 0.26544934328425546 -0.3449043557525144
193 0.6370740585084793 0.22949985624566077
194 0.5790492434048258 0.23225393795686816
195 0.7891071152948509 -0.003913724812786723
196 0.7463698384062886 -0.05415601648382428
197 0.8056832936929601 0.05981588478917492
198 0.5530978463677995 0.0768581327635557
199 0.5025568646378765 0.10292166888427857
200 0.6437743110414358 -0.19410606650150788
201 0.5695266662988905 -0.2649630281216394
202 0.6286002009540734 -0.23932572242627334
203 0.02224513909204254 0.7828139930337854
204 -0.03201876994067675 0.7730982004493037
205 -0.11703482941402331 0.7758986527066782
206 -0.1802809721007782 0.7759080451965484
207 -0.03827756648097827 1.0
208 -0.09656775975974669 0.6889250853878947
209 -0.14124558294193054 0.715209357427996
210 -0.33331718274009653 0.6660227349357495
211 -0.3577585915041862 0.615956273436927
212 -0.28997884052497613 0.914144304434815
213 -0.18832495822453216 0.5750864228299762
214 -0.24401009138232627 0.608589587761667
215 -0.4645434800044223 0.49235944453654834
216 -0.4583358992682453 0.43856546653272366
217 -0.4912430994563224 0.7617552776856389
218 -0.25080555541882976 0.44822893472434844
219 -0.29920298376004417 0.4692229489784394
220 -0.5126043312146109 0.20630665275351032
221 -0.5352663556552564 0.24219265396683698
222 -0.6503466190511861 0.5118835288594302
223 -0.22348307430177464 0.2781614247824586
224 -0.28012163488742325 0.3125046857483096
225 -0.481021498096769 0.011787837358683944
226 -0.44419394709818844 -0.026386850096976017
227 -0.6290513952481889 0.2016981563148929
228 -0.06801651338087235 0.12690546462624663
229 -0.12596018877676277 0.15130194439597958
230 -0.1591630801550811 -0.21648933579936588
231 -0.2263105428207719 -0.22077766661209922
232 -0.36126950697768057 -0.14589976605148258
233 0.18000505126958435 0.10397969197072125
234 0.11137299172315222 0.10767616993185096
235 0.20272562796894977 -0.27101904999629184
236 0.13698334839754242 -0.27964677228072504
237 0.0640896373139914 -0.2287784944482214
238 0.4597269906125753 0.31504050277291085
239 0.41176572187841654 0.3113522605440761
240 0.6737453846456258 0.05412954862857587
241 0.6229601603045773 0.024746317797638633
242 0.6843503339305388 0.1473025246305223
243 0.3825663870505971 0.1815807419143969
244 0.3133488826639112 0.1660591632646477
245 0.5335667883827847 -0.11631133123194735
246 0.4355791065294738 -0.1732607004795611
247 0.5148225534929627 -0.17041997417372992
248 -0.3718581071192975 0.6967617859412542
249 -0.40657897884675465 0.6564049248732017
250 -0.4950803613758317 0.6340563298756727
251 -0.5482672593067164 0.5900653286487164
252 -0.4572007860372 0.8713532967601286
253 -0.4201275529059635 0.574411148654751
254 -0.4744371296781168 0.5673187573212763
255 -0.6180442105671754 0.4510585969178254
256 -0.6110665160436051 0.39510500784440666
257 -0.6391616475025643 0.6988621523472878
258 -0.47723011019846423 0.41049006530880483
259 -0.5304272804985887 0.39657645907843236
260 -0.6723336728489245 0.1893300297815344
261 -0.6498515482366843 0.13135088757056462
262 -0.7791417337178171 0.4249438651407224
263 -0.455410746297484 0.2730894515854842
264 -0.5074112972785396 0.27318502050568794
265 -0.6206433862511026 -0.022314167434982296
266 -0.5865553144238408 -0.06672594953255205
267 -0.790761547255402 0.14659685658393223
268 -0.3210872007138328 0.12294292538620587
269 -0.3796816889707576 0.11439564163998435
270 -0.363027746546979 -0.25117561881518186
271 -0.42143791012035153 -0.25365817386221917
272 -0.5633465438883695 -0.1675065108966775
273 -0.11031482025698522 0.08109831219547341
274 -0.171915286577535 0.07333239046774072
275 -0.025563953910892043 -0.25219224799672507
276 -0.07651458701214757 -0.3031741228573692
277 -0.19512089155780674 -0.2854546919190648
278 0.25669408210092204 0.3297391165873821
279 0.20103164524186323 0.2899164538648192
280 0.5181795689338916 0.07977910889618346
281 0.48460689829385734 0.03256265427325219
282 0.514938395458446 0.16203705839919508
283 0.12921808960194417 0.1667935925153664
284 0.061411956575698944 0.1336232509004288
285 0.3439289396408949 -0.12726560660686576
286 0.22822854827495612 -0.18152764252384787
287 0.309151295199455 -0.18110476174588142
288 -0.6648427409776806 0.44735907571488576
289 -0.6707540615877489 0.396187220623033
290 -0.7487589000924105 0.3384206893859534
291 -0.7707004772870678 0.2668816591725613
292 -0.7618913070993428 0.5932856769010999
293 -0.6586053827090411 0.30454993477269227
294 -0.6961912331270036 0.26346780612982684
295 -0.7672479675590144 0.09161750918987435
296 -0.7439321119523808 0.04395917226803417
297 -0.8740632423530501 0.3061036523562732
298 -0.6248261520676941 0.14253174046204523
299 -0.6737683903342778 0.11029190900242333
300 -0.7111269451334646 -0.1359064551533843
301 -0.6691972194905524 -0.17695518981744743
302 -0.868062909770897 0.020493982719935806
303 -0.5327327423595319 0.01450967232914816
304 -0.5705331466941521 -0.014396690669921285
305 -0.4732164270284012 -0.3556365738884363
306 -0.5221215616698405 -0.33306292376741475
307 -0.6740921754395394 -0.27494378145879167
308 -0.3558503755010788 -0.04004359138695651
309 -0.3996404298502554 -0.07619814982492061
310 -0.20899251629867419 -0.39584931346800145
311 -0.2555763122203151 -0.4275514048128715
312 -0.3753654466767593 -0.40095841723659137
313 0.030345305525732457 0.205341229035182
314 -0.005684195851973094 0.14593230550559058
315 0.3724147846361316 -0.020490458095356698
316 0.30652409317354773 -0.040890162537035
317 0.34907642463169747 0.06602933095093341
318 -0.10701974496913272 0.024256494561483714
319 -0.15546375135234067 -0.014166044884482266
320 0.11933945168839767 -0.22055227415564402
321 0.05257840825462845 -0.3147611549950539
322 0.1145324270826258 -0.29504382396502027
323 -0.8015352026004056 0.10402128655304303
324 -0.7885648393785275 0.05139054526835704
325 -0.8284393899458696 -0.04192396479592262
326 -0.8223341779483094 -0.10581619842580081
327 -0.9276322551115851 0.17694388450906998
328 -0.7393419034873744 -0.014144804339915936
329 -0.74082435375324 -0.06265231932758611
330 -0.7516478164205757 -0.25803600906511165
331 -0.709149502323772 -0.29233513224396007
332 -0.8984293537994258 -0.11837045043511095
333 -0.629099859865692 -0.1484413030295508
334 -0.6320828876381653 -0.20224668062877924
335 -0.4994659227261051 -0.4752686784834551
336 -0.5443069728209499 -0.45212568023871474
337 -0.7162672186196561 -0.39530678948137393
338 -0.4825634177397012 -0.22622572870833071
339 -0.5026470219631387 -0.27030442958374357
340 -0.2523669064857888 -0.5331883136238929
341 -0.3070010878696261 -0.5394956955504742
342 -0.41488861098151847 -0.5306053241614175
343 -0.0958816379391192 -0.01162326054343063
344 -0.11511730068861156 -0.06385989029902232
345 0.25906335275103726 -0.190707155664638
346 0.19898910889872426 -0.22542185228199643
347 0.2319908231329679 -0.1139848973191975
348 -0.3056200016191735 -0.21574817519592643
349 -0.2663240447313473 -0.19220666255726718
350 0.015651868705645746 -0.40945691645814414
351 -0.06279133043728771 -0.4870534066747751
352 0.006162999075528056 -0.4723441557085439
353 -0.7731348114009833 -0.30073014532914993
354 -0.7408929373794282 -0.3376382782282668
355 -0.7394603486336234 -0.43213237057650705
356 -0.7009729080244378 -0.48767492372521487
357 -0.888777846845328 -0.27061879283088114
358 -0.6375463547606494 -0.38285867161776566
359 -0.6335805086097804 -0.43570022686098075
360 -0.4734100863652679 -0.6144738511470904
361 -0.5199857620046517 -0.6021662962451881
362 -0.6658152953083709 -0.5695770694959083
363 -0.4868153412161873 -0.4457135399452177
364 -0.48829244808947797 -0.49943415979325584
365 -0.22066602141827615 -0.6624552186510991
366 -0.27267753635904124 -0.6650416026364617
367 -0.38074918246324146 -0.6716890887031018
368 -0.1515126256563222 -0.29786395940615557
369 -0.16839120752335676 -0.36195468345496357
370 0.21465146665930002 -0.4083443534003198
371 0.19503487819591944 -0.46247674497573477
372 0.2186527458585408 -0.34517538879379006
373 -0.32266270330491986 -0.44719854817117816
374 -0.3173809431154876 -0.4930196632339123
375 0.019465255385179223 -0.5927295657477666
376 -0.06197719976915506 -0.6408382068969669
377 -0.00491222214046833 -0.638534992907262
378 -0.5591583130442201 -0.6147282283319997
379 -0.5112085593812944 -0.6501572200898496
380 -0.40324337406559124 -0.7623270037887798
381 -0.45163482768145213 -0.7313127227923761
382 -0.5981918427752281 -0.6842320103136681
383 -0.4104230834622792 -0.639604106530947
384 -0.40122147064230607 -0.6870889964320435
385 -0.14141687957572874 -0.7637022270912361
386 -0.18794752584832722 -0.7821985425851816
387 -0.2870996457405207 -0.8010665653374007
388 -0.09328720469473734 -0.5494625033068242
389 -0.06521148464142995 -0.5863813701245283
390 0.2892007966754772 -0.5587617859572501
391 0.24912747979845387 -0.5872831739253626
392 0.30062559544487816 -0.5015746756951042
393 -0.22887057061071123 -0.6280719275663755
394 -0.19445319655013774 -0.6685004709851287
395 0.10668064612792827 -0.6776726488827971
396 0.03249013433857071 -0.7267470252522732
397 0.09538025803006898 -0.7312631373623993
398 -0.14006111439591482 -0.8181999494136598
399 -0.20039210371358807 -0.8367636312887756
400 0.0169237381651306 -0.8740471211642087
401 -0.04171407624685048 -0.8661264681144868
402 -0.12637046832098792 -0.8814937923129104
403 0.17871531942273103 -0.6952043865138654
404 0.1320935117534587 -0.6894626132878608
405 0.4482475215651148 -0.5934528714763366
406 0.40381436499674417 -0.6238344889166095
407 0.46951398145999096 -0.5361372805950918
408 0.00934679419235578 -0.8067347569239689
409 -0.040105447581356174 -0.7870346334737969
410 0.25906987433857026 -0.740584793391995
411 0.19098929066739717 -0.8058269688620664
412 0.24576183436907822 -0.7866352861082304
413 0.40394043835831706 -0.7055748601784151
414 0.35030190240214154 -0.7102138944071943
415 0.6075777163403534 -0.5601590868760299
416 0.5716235694874687 -0.6011430116762958
417 0.6026886349844813 -0.5109005472489642
418 0.26828797397810084 -0.8139853477894108
419 0.22287486932658995 -0.8412887882925759
420 0.38796784731553136 -0.7699393212658513
421 0.3460612508197709 -0.801783301131388
422 0.4329222503343681 -0.7766498370672154
423 0.7052082106061267 -0.5047219259830225
424 0.736947748157861 -0.49116057054096995
425 0.633061690133886 -0.6129580036388904
426 0.590323682133646 -0.6614694175387246
427 0.6609829167436695 -0.5850985187597305
5 0.3840811946108701 0.06788348075030914
6 0.37551299403814686 0.09638953510475066
428 0.7100106341300735 0.21118943489377187
429 0.701863781106616 0.03146802064076692
430 0.7507812889515217 0.062314608286233975
431 0.6483343235845819 0.07523577026628146
432 0.7757761008194483 0.11289424546051458
433 0.7375760399436366 0.1586123619661343
434 0.6250191741556097 0.1355704081092726
435 0.6453960856277479 0.19114335912945055
7 0.33711013954250013 0.19730815071850424
8 0.3338736064613587 0.21681670789930635
9 0.6829148564273144 0.4017788508468532
436 0.6073837988336652 0.3718060283582267
437 0.5890143786756113 0.4418726160027306
438 0.5318846502511038 0.39099537933378464
439 0.6743674071032449 0.2710219623014538
440 0.6646257266568242 0.3381680302279761
441 0.6009436980269229 0.27101108767360454
442 0.5510121128299741 0.3113111150820568
15 0.2537760573708788 0.2961446202701076
16 0.22629119758235464 0.3199966386112993
17 0.5381508465919085 0.5637516915251135
443 0.45380767609570133 0.556943464422501
444 0.40121412934309747 0.6249085047182525
445 0.45852044210735254 0.6260783523830833
446 0.3616243049687045 0.5775933967877152
447 0.3919674721109716 0.5019834443670957
448 0.5026838462280823 0.48268395962345845
449 0.4502672557987328 0.4569635900770161
23 0.08578386668904352 0.3798650621307187
24 0.05312539409320217 0.38564489429357207
25 0.27669763057037533 0.6871381226687667
450 0.16804526984589857 0.7589886729897041
451 0.07619976803322294 0.7388714831475858
452 0.11679379163193404 0.7696238799256278
453 0.13000712606635945 0.6350857817058808
454 0.17089517868297757 0.70122785671116
455 0.06324639426526389 0.6823701336680918
456 0.19687346007666479 0.6311765346244126
31 -0.11405866282738587 0.37259818918927
32 -0.14488332644806934 0.36367559130019267
33 -0.034809912663211706 0.6779014483642691
457 -0.27566009313024165 0.7286811492193246
458 -0.2694683922710829 0.6197934782482327
459 -0.2929766661181892 0.678447664883239
460 -0.21678749291440635 0.662786177098002
461 -0.1473312452074431 0.6525405754255982
462 -0.21862845809143505 0.7429811030190231
463 -0.16093466087064984 0.7287269426880041
39 -0.2885141323043742 0.27757024375072376
40 -0.3100208917838113 0.25445634778895815
41 -0.29509629508278096 0.5696325727932336
464 -0.5789995236162218 0.48534875227597296
465 -0.550637633692353 0.43446580500855947
466 -0.5238301575777112 0.5522404697038112
467 -0.494649368168128 0.4621799501506233
468 -0.4747098796707871 0.5894651601667555
469 -0.576731764887504 0.5372191397406079
470 -0.44359433922255037 0.5195178701902485
47 -0.3981034839678462 0.12572663259399158
48 -0.40219954853008105 0.09395592501593646
49 -0.45881446664503295 0.3763287595847229
471 -0.6886749787927526 0.16282068874995542
472 -0.7404836807969396 0.18610243760092438
473 -0.7401406260585985 0.23441108599343133
474 -0.64760856449647 0.22483881494864066
475 -0.6317809210596927 0.282772066051719
476 -0.7217765566059312 0.2928099447070458
477 -0.6828235562418491 0.33247595456734563
55 -0.4339090166398265 -0.09493011797242447
56 -0.4290896988851702 -0.12475129886522236
57 -0.54918899220877 0.09232935703199033
478 -0.7046080327609964 -0.20951933123393474
479 -0.7591064238821844 -0.19862778882637822
480 -0.7911030941052379 -0.16134404664046287
481 -0.7092192711610473 -0.0792451534927928
482 -0.6938298743815892 -0.14727869528222787
483 -0.774028586779606 -0.11197349130731027
484 -0.7750258618852202 -0.05423990947050983
63 -0.37340776186832947 -0.29012308929697306
64 -0.3533484070033828 -0.3157807474552036
65 -0.499733251991296 -0.17491930355060023
485 -0.5839506211982239 -0.46557694206072786
486 -0.608192808665525 -0.53195036724091
487 -0.6758575866013333 -0.4447081152694673
488 -0.6066018181470073 -0.4073558340906783
489 -0.557692868085487 -0.5183453823957492
490 -0.6472348809381521 -0.4983552345018235
491 -0.6725886587333668 -0.39013374387406863
71 -0.1545071652856064 -0.4626747290247495
72 -0.18526428510336881 -0.4559218391314898
73 -0.28459437891839967 -0.4037958422796709
492 -0.3048688707058288 -0.774356900292031
493 -0.25058165728585063 -0.7735884837554697
494 -0.3463457498698466 -0.7510662896497141
495 -0.3774239240743624 -0.7060519803941468
496 -0.22300000963758904 -0.7317700987323379
497 -0.2828800846507482 -0.7087089127890552
498 -0.3345260441603882 -0.6705646415877298
79 0.08288058367134955 -0.4839148778062537
80 0.05124596300008417 -0.4939400176555195
81 -0.01876139387771277 -0.47860492938389204
499 0.09097094023507529 -0.8361603132844653
500 0.03908075769844106 -0.8240208878746997
501 -0.012165222753152615 -0.7804618268502738
502 0.0403263038596257 -0.7608924704853927
503 0.13880039628838076 -0.8185275217845431
504 0.16026905565870198 -0.764611634839753
505 0.10360600597588049 -0.7675642292463661
87 0.4695524479581646 -0.22888088413710664
88 0.44541581460643453 -0.2509575374764507
89 0.4651357046852037 -0.18102966831764195
506 0.791334627356837 -0.3482725364296412
507 0.7659899676924433 -0.3910587597749545
508 0.7213702026340157 -0.4177578121597527
509 0.6962675293037959 -0.37068254559258584
510 0.8038408726306978 -0.2995150885107016
511 0.7584695076678735 -0.27635934010713015
512 0.7318072344342327 -0.3251325705989978
95 0.3118981826418376 -0.3837266792150069
96 0.26753488263822883 -0.42187493784614855
97 0.30447305574493827 -0.41405885563488487
513 0.5318347440061367 -0.6485124233620277
514 0.5392192148296567 -0.582556165392898
515 0.39182498705584673 -0.6770665105463078
516 0.44396159463578977 -0.6469708851989538
517 0.5000613050523091 -0.690492635495721
518 0.4922648418286218 -0.6047128470812781
519 0.4495280050606299 -0.7066537020575342

