500
0 1
0 2
0 3
0 4
0 5
0 6
0 7
0 8
0 9
0 10
0 11
12 13
12 14
12 15
12 16
12 17
12 18
12 19
12 20
12 21
12 22
23 24
23 25
23 26
23 27
23 28
23 29
23 30
23 31
32 33
32 34
32 35
32 36
32 37
32 38
32 39
32 40
32 41
32 42
43 25
43 44
43 45
43 46
43 47
43 48
49 50
49 51
49 52
49 53
49 54
49 55
49 56
49 57
49 58
49 59
49 60
49 61
50 51
50 52
50 62
50 63
50 64
50 54
50 65
50 55
50 57
50 66
50 67
50 59
50 68
50 69
50 70
50 71
51 52
51 53
51 64
51 54
51 72
51 55
51 56
51 57
51 73
51 67
51 68
51 74
51 69
51 71
75 76
75 77
75 78
75 79
75 80
75 81
75 82
75 83
84 85
84 86
84 87
84 88
84 89
90 91
90 92
90 93
90 94
90 95
90 96
97 98
97 99
97 100
97 101
97 102
97 103
104 105
104 106
104 107
104 108
104 109
104 110
104 111
104 112
104 113
104 114
104 115
104 116
52 62
52 53
52 64
52 54
52 72
52 55
52 56
52 57
52 73
52 67
52 68
52 69
52 71
117 45
117 46
117 118
117 119
117 48
117 120
121 76
121 122
121 123
13 14
13 15
13 16
13 17
13 124
13 125
13 126
13 19
13 20
13 21
13 22
62 63
62 34
62 54
62 65
62 127
62 128
62 66
62 70
62 129
130 131
130 132
130 133
130 134
130 135
130 136
130 137
130 138
130 139
130 140
130 141
142 143
142 144
142 145
142 146
98 103
85 86
85 147
85 148
85 149
85 150
85 87
85 88
131 132
131 133
131 134
131 136
131 151
131 152
131 140
131 141
131 153
131 154
131 155
132 156
132 157
132 133
132 158
132 159
132 134
132 136
132 160
132 140
132 161
63 34
63 65
63 162
63 127
63 128
63 66
63 70
76 77
76 78
76 163
76 164
76 79
76 165
76 123
91 92
91 94
91 95
91 166
91 167
168 169
168 1
168 170
168 171
168 172
168 173
168 174
168 175
168 176
168 177
168 178
168 179
33 35
33 36
33 180
33 37
33 181
33 182
33 41
33 183
33 184
33 42
105 106
105 107
105 108
105 185
105 109
105 186
105 110
105 111
105 113
105 114
105 187
105 188
105 115
105 116
105 189
156 190
156 158
156 191
156 159
156 134
156 136
156 192
156 193
156 194
156 195
156 196
156 197
156 160
156 198
156 199
156 161
156 200
169 1
169 171
169 172
169 4
169 173
169 201
169 202
169 174
169 203
169 204
169 205
169 206
169 176
169 207
169 208
169 177
169 209
210 211
210 212
210 213
210 214
210 215
1 170
1 171
1 172
1 4
1 5
1 174
1 175
1 177
1 178
1 179
34 65
34 162
34 37
34 127
34 128
34 216
34 217
34 218
34 219
34 129
77 78
77 163
77 164
2 3
2 220
2 221
2 222
2 223
2 224
24 25
24 27
24 225
24 226
24 227
24 228
24 229
24 230
24 231
24 232
24 233
24 234
24 235
236 237
236 238
236 239
236 240
236 241
236 242
236 243
237 238
237 239
237 240
237 244
237 245
237 246
53 64
53 54
53 247
53 72
53 55
53 248
53 56
53 73
53 249
53 250
238 244
238 242
238 245
238 246
64 54
64 57
64 73
64 67
64 68
64 74
64 69
64 251
64 71
25 27
25 226
25 228
25 30
99 252
99 253
99 254
99 255
99 256
99 257
99 258
259 260
259 261
259 262
259 263
259 264
259 265
259 266
54 72
54 55
54 56
54 57
54 73
54 67
54 58
54 59
54 68
54 69
54 61
54 71
267 247
267 268
267 269
267 248
267 270
267 271
267 272
267 273
267 274
267 275
267 276
106 107
106 108
106 110
106 111
106 277
106 113
106 114
106 188
106 115
106 116
106 189
190 158
190 192
190 278
190 279
190 193
190 280
190 194
190 195
190 198
190 83
65 162
65 127
65 128
65 216
65 66
65 217
65 129
239 281
35 36
35 180
35 37
35 181
35 182
35 41
35 183
35 184
35 282
240 283
240 284
240 243
240 285
44 47
44 286
44 287
44 288
44 289
45 46
45 290
45 291
45 119
45 48
247 269
247 248
247 272
247 273
247 275
247 276
14 15
14 16
14 17
14 292
14 293
14 294
14 18
14 20
14 21
14 22
268 295
268 269
268 262
268 270
268 271
268 296
268 274
162 220
162 128
162 216
162 66
162 297
162 298
162 129
299 300
299 301
299 302
299 303
299 304
299 305
299 306
299 307
299 308
299 309
299 310
3 221
3 7
3 222
3 224
3 11
26 28
26 29
26 30
26 31
36 180
36 181
36 253
36 40
36 182
36 41
36 42
36 311
260 312
260 264
260 313
260 314
260 315
260 316
260 317
170 172
170 4
170 5
170 174
170 178
170 179
220 221
220 216
220 66
220 297
220 298
220 224
171 172
171 173
171 201
171 175
171 176
171 178
171 209
171 318
295 262
295 319
295 296
295 320
321 322
321 323
321 324
321 325
321 326
172 93
172 173
172 94
172 201
172 174
172 204
172 175
172 206
172 176
172 177
172 178
172 209
78 163
78 164
78 165
180 181
180 182
180 327
180 41
180 183
180 184
180 328
180 282
180 329
300 301
300 302
300 330
300 310
37 127
37 128
37 216
37 39
37 41
37 218
37 42
157 158
157 159
157 134
157 136
157 331
157 332
157 333
157 334
157 335
157 336
157 161
157 337
92 283
92 95
92 167
133 134
133 136
133 151
133 152
133 140
133 141
133 153
133 155
338 339
338 319
338 340
338 341
338 342
158 159
158 136
158 192
158 343
158 344
158 193
158 194
158 195
158 196
158 197
158 160
158 198
158 161
345 346
345 347
345 348
345 349
345 350
345 351
345 352
345 353
345 354
345 355
107 108
107 185
107 109
107 110
107 111
107 113
107 114
107 187
107 115
107 116
93 173
93 94
93 205
93 356
93 357
93 206
358 292
358 293
358 359
358 323
358 325
358 360
301 302
301 304
301 305
301 306
301 307
301 309
301 310
361 362
361 363
361 364
302 303
302 304
302 305
302 306
302 307
302 308
302 309
302 310
365 241
365 366
365 284
365 243
365 367
365 368
365 369
365 370
365 285
365 371
372 202
372 373
372 207
372 374
15 16
15 124
15 294
15 125
15 18
15 20
15 21
15 22
375 376
375 377
375 362
375 378
375 379
269 380
269 248
269 270
269 271
269 296
269 274
269 276
380 262
380 271
380 381
380 382
380 274
380 383
4 201
4 5
4 174
4 203
4 204
4 177
346 118
346 349
346 384
346 350
346 385
346 353
346 120
386 387
386 388
386 389
108 373
108 390
108 391
108 186
108 392
108 111
108 114
108 188
108 189
173 94
173 205
173 356
173 175
173 206
173 176
173 209
46 393
46 290
46 291
46 119
46 48
394 47
394 212
394 395
394 287
394 396
127 128
127 66
127 217
127 251
127 219
127 129
241 284
241 243
241 370
241 285
241 371
94 205
94 356
94 357
94 206
191 192
191 198
191 199
191 200
397 398
397 399
397 400
397 369
401 402
401 403
401 152
401 351
401 112
401 154
401 404
47 405
47 406
47 288
47 407
201 202
201 174
201 203
201 204
201 206
201 176
201 207
201 208
201 177
201 209
159 134
159 136
159 194
159 195
159 160
159 161
72 55
72 56
72 73
72 249
72 408
72 409
72 410
72 250
252 253
252 254
252 255
252 256
252 257
252 258
252 311
366 376
366 284
366 411
366 412
366 285
366 371
202 203
202 207
202 208
202 70
143 145
143 413
143 146
143 414
134 136
134 137
134 138
134 139
134 151
134 197
134 140
134 141
135 137
135 138
135 139
135 415
135 413
27 225
27 226
27 227
27 228
27 229
27 230
27 231
27 232
27 233
27 235
55 56
55 57
55 73
55 58
55 60
55 61
136 137
136 138
136 139
136 196
136 197
136 160
136 140
416 417
416 418
416 419
416 87
416 420
416 89
261 262
261 263
261 314
261 265
261 421
261 266
5 174
5 7
5 10
5 11
244 242
244 245
244 246
244 422
244 423
262 264
262 265
262 421
262 266
225 226
225 229
225 231
225 232
225 235
248 272
248 273
248 275
248 276
118 211
118 384
118 120
118 424
16 124
16 294
16 125
16 18
16 20
16 21
16 22
56 57
56 73
56 249
56 67
56 58
56 68
56 250
398 425
211 212
211 426
211 214
211 405
174 203
174 204
174 175
174 177
174 178
174 209
373 60
373 391
373 392
221 222
221 427
221 223
221 328
221 224
128 216
128 66
128 217
128 218
128 219
128 129
428 281
428 429
212 213
212 214
212 215
216 218
216 282
181 182
181 41
181 183
181 184
181 282
181 329
376 412
376 430
376 379
263 431
263 432
263 313
263 293
263 314
263 265
263 266
263 433
163 164
163 434
163 165
163 123
57 67
57 58
57 59
57 68
57 69
57 71
399 367
399 400
399 368
399 369
73 249
73 58
73 409
73 250
38 39
38 435
38 40
38 436
38 437
38 438
66 297
66 70
192 193
192 194
192 196
192 197
192 198
192 199
192 200
347 439
347 440
347 441
347 350
347 385
347 442
249 408
249 388
249 409
249 443
249 444
249 410
249 389
249 250
402 403
402 112
402 404
402 445
164 165
446 447
446 448
446 449
446 450
446 310
297 298
79 80
79 81
79 82
86 147
86 148
86 451
86 419
86 452
86 149
86 87
86 88
453 80
453 278
453 279
453 280
203 204
203 207
203 208
203 177
203 209
204 175
204 206
204 176
204 177
204 178
204 209
283 411
283 430
284 411
284 243
284 367
284 370
284 285
284 371
454 331
454 455
454 456
454 335
454 457
454 336
454 337
454 458
303 304
303 305
303 306
303 449
303 307
303 308
303 309
303 310
80 278
80 280
80 81
80 83
95 166
95 167
17 292
17 293
17 359
17 18
17 20
17 22
348 393
348 351
348 352
348 459
348 354
348 355
348 460
461 462
461 187
461 463
461 464
377 362
377 378
377 465
377 466
377 467
377 468
377 379
431 432
431 313
431 314
431 433
304 305
304 322
304 324
304 306
304 307
304 308
304 309
305 324
305 306
305 307
305 308
305 309
305 310
242 246
205 356
205 357
205 206
205 209
205 374
387 426
356 206
356 176
67 59
67 68
67 74
67 69
67 251
67 71
432 313
432 314
432 265
432 433
96 464
339 319
339 341
339 342
339 126
339 19
417 469
417 419
417 470
417 87
417 89
137 138
137 139
137 140
137 141
343 344
343 280
343 194
343 195
343 336
343 161
343 83
124 125
124 126
124 20
124 21
124 22
6 8
6 9
6 10
6 11
312 264
312 313
312 314
312 315
312 316
312 266
312 317
147 88
185 465
185 109
185 110
185 466
185 467
185 468
185 113
185 462
185 187
185 115
185 116
264 382
264 265
264 315
264 266
264 317
166 471
166 472
166 167
166 246
292 293
292 359
292 18
292 22
138 139
138 140
138 141
138 200
270 271
270 451
270 296
270 274
270 452
270 276
411 412
411 285
411 371
331 333
331 456
331 335
331 457
331 336
331 337
313 314
313 265
313 316
139 140
139 141
357 206
357 374
175 176
175 177
175 178
175 179
7 222
7 10
58 60
58 61
319 341
319 320
395 473
395 447
395 474
395 450
395 475
395 396
278 279
278 280
439 440
439 441
439 277
439 188
439 442
322 323
322 324
322 306
322 309
148 150
148 476
148 88
271 381
271 296
271 274
271 452
271 276
381 382
381 383
393 290
393 349
393 119
393 459
393 355
393 460
226 227
226 228
226 229
226 30
226 232
226 233
226 234
226 235
477 39
477 40
477 478
477 437
362 378
362 465
362 466
362 467
362 468
426 215
479 427
39 40
39 438
39 42
408 409
408 443
408 444
408 410
408 389
408 250
206 207
206 209
435 40
435 436
435 480
435 481
435 482
435 438
213 214
382 315
382 383
382 317
253 182
253 254
253 255
253 256
253 257
253 184
253 258
253 311
122 229
122 231
122 123
214 405
245 472
245 246
245 422
245 483
245 423
405 406
405 288
405 407
286 287
286 289
286 484
451 469
451 274
451 419
451 452
451 149
451 470
451 87
40 438
40 42
296 469
296 274
390 391
390 186
390 392
390 114
390 188
390 189
182 41
182 255
182 183
182 184
182 258
182 329
8 9
8 10
8 11
293 359
293 325
293 433
59 68
59 69
59 71
359 18
359 325
222 224
344 280
344 194
344 195
344 336
344 161
344 83
473 447
473 474
473 450
473 475
473 396
290 455
290 291
290 485
290 119
290 48
290 458
290 460
243 370
243 371
176 177
176 178
176 209
440 441
440 350
440 385
440 442
440 445
68 74
68 69
68 251
68 71
388 443
388 444
388 410
388 389
406 288
406 407
486 487
486 488
486 471
486 472
486 318
332 333
332 334
332 335
332 337
378 144
378 145
378 379
436 481
436 438
144 145
144 425
403 112
403 404
403 445
217 251
217 219
217 478
217 129
349 384
349 350
349 385
349 352
349 353
349 459
349 354
340 342
455 456
455 457
455 234
455 458
327 427
327 223
327 328
327 329
207 208
207 209
207 374
367 368
367 369
367 370
367 285
367 371
487 488
487 472
487 483
487 423
487 318
409 443
409 444
409 410
409 250
447 448
447 474
447 450
281 429
489 418
489 490
489 491
489 420
60 61
492 363
492 364
492 151
492 152
492 493
492 141
492 153
492 155
314 265
314 316
363 364
363 145
363 413
363 493
363 155
391 186
391 392
323 494
323 324
323 325
323 326
494 495
494 360
494 326
291 485
291 119
291 48
469 320
469 419
469 452
469 149
469 470
465 109
465 110
465 466
465 467
465 468
465 113
465 462
465 187
465 116
74 69
74 251
74 71
74 476
28 29
28 30
28 31
488 471
488 318
109 110
109 466
109 467
109 468
109 113
109 187
109 115
109 116
364 413
364 493
364 155
265 421
265 266
333 334
333 485
333 335
333 336
333 337
333 460
41 183
41 184
41 42
41 282
186 392
186 111
186 114
186 463
341 342
341 126
384 350
384 385
384 120
384 424
254 255
254 256
254 257
254 258
254 311
443 444
443 410
443 389
443 250
69 251
69 71
145 425
427 328
418 490
418 491
418 420
315 316
315 317
151 152
151 140
151 493
151 141
151 153
151 155
471 472
471 167
471 422
471 483
471 423
495 496
495 360
448 449
448 450
448 310
100 102
100 103
279 193
279 280
279 194
279 198
413 146
413 414
320 452
320 470
193 280
193 194
193 195
193 196
193 160
193 198
193 199
193 161
272 273
272 275
280 81
280 83
146 414
472 422
472 483
472 423
273 275
456 457
456 234
456 458
194 195
194 196
194 197
194 160
194 198
194 199
194 161
81 82
81 83
110 466
110 467
110 111
110 112
110 113
110 115
110 116
324 306
324 309
334 335
334 337
334 460
466 467
466 468
466 113
466 462
466 187
466 116
255 256
255 257
255 184
255 258
467 468
467 113
467 462
467 187
467 116
306 307
306 308
306 309
392 114
195 196
195 197
195 160
195 198
195 161
449 450
449 310
208 209
208 374
111 277
111 114
111 187
111 188
111 115
111 116
111 189
196 197
196 160
196 198
196 199
196 161
196 200
251 71
177 178
177 209
307 308
307 309
307 310
274 452
274 276
227 228
227 229
227 30
227 230
227 232
227 233
227 234
227 235
441 350
441 385
441 442
441 445
256 257
256 258
485 335
485 459
485 337
485 460
277 114
277 188
277 115
277 442
277 189
335 336
335 337
335 460
480 497
178 179
490 491
490 420
228 229
228 30
228 232
228 233
228 234
228 235
457 336
457 337
457 458
498 294
229 230
229 231
229 232
229 233
229 234
229 235
101 103
101 329
246 422
82 231
82 83
336 161
336 337
197 160
197 198
197 199
197 161
197 200
287 475
287 289
287 484
287 396
152 493
152 153
152 155
152 404
294 125
294 18
294 21
294 22
257 258
125 20
125 21
125 22
18 21
18 22
218 42
218 129
218 282
419 452
419 149
419 470
419 87
419 89
160 198
160 161
468 113
444 410
444 389
452 149
452 470
452 87
198 199
198 200
149 470
149 87
149 88
149 89
350 385
350 352
350 353
350 354
350 445
385 353
140 141
140 153
325 360
325 326
223 328
223 282
223 224
351 352
351 353
351 354
351 404
351 355
351 445
126 20
29 30
29 31
360 326
150 476
150 478
19 20
266 317
422 483
422 423
499 368
474 475
474 484
308 309
308 310
219 478
219 129
87 89
352 353
352 459
352 354
352 355
352 460
410 389
410 250
309 310
20 21
20 22
113 115
113 116
434 165
9 10
9 11
462 187
119 48
483 423
199 200
493 141
493 153
493 155
30 233
30 31
30 235
475 484
481 482
481 438
368 369
476 478
491 420
353 354
183 184
183 328
183 282
183 329
230 231
230 232
230 233
230 234
230 235
231 232
231 233
231 234
231 235
184 258
184 329
114 188
114 115
114 189
369 370
369 371
232 233
232 235
187 463
188 189
412 430
478 437
10 11
288 407
289 484
141 153
459 354
459 355
459 460
354 355
153 155
154 404
115 116
102 103
463 464
120 424
233 234
233 235
328 224
282 224
21 22
234 458
355 460
311 497
337 460
370 285
370 371
285 371

0 0.8919999999999999 0.236
12 -0.548 0.8
23 -0.928 -0.348
32 0.492 0.6679999999999999
43 -0.6679999999999999 -0.21599999999999997
49 0.272 0.07600000000000007
50 0.3520000000000001 0.236
51 0.18799999999999994 0.22799999999999998
75 -0.728 -0.796
84 0.09200000000000008 0.6240000000000001
90 0.6200000000000001 -0.31999999999999995
97 0.8560000000000001 0.8440000000000001
104 0.10000000000000009 -0.368
52 0.19199999999999995 0.20799999999999996
117 -0.45599999999999996 -0.17600000000000005
121 -1.0 -0.736
13 -0.516 0.8520000000000001
62 0.3919999999999999 0.3320000000000001
130 -0.136 -0.856
142 0.1439999999999999 -0.9359999999999999
98 0.968 0.788
85 0.052000000000000046 0.5720000000000001
131 -0.17600000000000005 -0.6759999999999999
132 -0.30000000000000004 -0.732
63 0.46799999999999997 0.32000000000000006
76 -0.892 -0.868
91 0.6639999999999999 -0.344
168 0.8560000000000001 -0.04800000000000004
33 0.5720000000000001 0.716
105 0.17999999999999994 -0.32399999999999995
156 -0.384 -0.856
169 0.6599999999999999 -0.008000000000000007
210 -0.5920000000000001 0.15999999999999992
1 0.8600000000000001 0.04400000000000004
34 0.42399999999999993 0.5
77 -0.8280000000000001 -0.968
2 0.76 0.4039999999999999
24 -0.776 -0.504
236 0.8680000000000001 -0.712
237 0.8360000000000001 -0.5920000000000001
53 0.07200000000000006 0.21599999999999997
238 0.8999999999999999 -0.5640000000000001
64 0.17999999999999994 0.31600000000000006
25 -0.76 -0.364
99 0.728 0.94
259 -0.516 0.528
54 0.24 0.16399999999999992
267 -0.15200000000000002 0.42399999999999993
106 0.1399999999999999 -0.31599999999999995
190 -0.524 -0.9319999999999999
65 0.45599999999999996 0.3440000000000001
239 0.98 -0.744
35 0.5880000000000001 0.6679999999999999
240 0.728 -0.62
44 -0.756 -0.136
45 -0.548 -0.32399999999999995
247 -0.07599999999999996 0.3480000000000001
14 -0.616 0.804
268 -0.28800000000000003 0.5800000000000001
162 0.5720000000000001 0.3440000000000001
299 -0.832 0.3640000000000001
3 0.8280000000000001 0.3560000000000001
26 -0.9319999999999999 -0.32799999999999996
36 0.54 0.756
260 -0.5840000000000001 0.3879999999999999
170 0.8759999999999999 0.06800000000000006
220 0.6479999999999999 0.3440000000000001
171 0.792 -0.11199999999999999
295 -0.32799999999999996 0.6839999999999999
321 -0.856 0.5960000000000001
172 0.74 -0.04400000000000004
78 -0.852 -0.92
180 0.7 0.6519999999999999
300 -0.8 0.264
37 0.46799999999999997 0.5840000000000001
157 -0.404 -0.652
92 0.6479999999999999 -0.45599999999999996
133 -0.17200000000000004 -0.696
338 -0.24 0.8839999999999999
158 -0.42000000000000004 -0.8
345 -0.236 -0.31200000000000006
107 0.15599999999999992 -0.372
93 0.5960000000000001 -0.16800000000000004
358 -0.8 0.76
301 -0.772 0.3680000000000001
361 0.1200000000000001 -0.692
302 -0.84 0.4039999999999999
365 0.696 -0.784
372 0.45999999999999996 0.01200000000000001
15 -0.5920000000000001 0.9239999999999999
375 0.32400000000000007 -0.648
269 -0.19199999999999995 0.484
380 -0.33599999999999997 0.4159999999999999
4 0.76 0.1200000000000001
346 -0.29200000000000004 -0.16000000000000003
386 -0.20399999999999996 0.06400000000000006
108 0.18799999999999994 -0.22399999999999998
173 0.7 -0.14
46 -0.508 -0.268
394 -0.78 0.040000000000000036
127 0.3799999999999999 0.44799999999999995
241 0.768 -0.796
94 0.5960000000000001 -0.20399999999999996
191 -0.33599999999999997 -1.0
397 0.492 -0.856
401 -0.11599999999999999 -0.504
47 -0.6679999999999999 -0.09599999999999997
201 0.6559999999999999 0.028000000000000025
159 -0.36 -0.728
72 0.09200000000000008 0.1120000000000001
252 0.5920000000000001 0.94
366 0.5640000000000001 -0.6759999999999999
202 0.548 0.1200000000000001
143 0.06400000000000006 -0.924
134 -0.244 -0.756
135 -0.11199999999999999 -0.94
27 -0.84 -0.504
55 0.19999999999999996 0.08400000000000007
136 -0.28 -0.756
416 0.0 0.796
261 -0.524 0.5880000000000001
5 0.8640000000000001 0.18399999999999994
244 0.9199999999999999 -0.508
262 -0.42800000000000005 0.552
225 -0.92 -0.548
248 -0.08399999999999996 0.3560000000000001
118 -0.41200000000000003 -0.052000000000000046
16 -0.5840000000000001 0.9359999999999999
56 0.16399999999999992 0.1279999999999999
398 0.3640000000000001 -0.836
211 -0.476 0.10400000000000009
174 0.728 0.06000000000000005
373 0.32000000000000006 -0.10399999999999998
221 0.788 0.488
128 0.45199999999999996 0.476
428 0.992 -0.952
212 -0.628 0.1319999999999999
216 0.5800000000000001 0.488
181 0.6599999999999999 0.6639999999999999
376 0.43999999999999995 -0.596
263 -0.612 0.5880000000000001
163 -0.92 -0.9
57 0.29600000000000004 0.16799999999999993
399 0.528 -0.904
73 0.1120000000000001 0.17599999999999993
38 0.3360000000000001 0.784
66 0.488 0.32000000000000006
192 -0.4 -0.96
347 -0.10399999999999998 -0.16000000000000003
249 0.0040000000000000036 0.07200000000000006
402 -0.040000000000000036 -0.42000000000000004
164 -0.856 -0.948
446 -0.924 0.24
297 0.5960000000000001 0.248
79 -0.776 -0.78
86 -0.016000000000000014 0.5960000000000001
453 -0.652 -0.98
203 0.6519999999999999 0.09200000000000008
204 0.728 0.020000000000000018
283 0.6200000000000001 -0.548
284 0.6839999999999999 -0.6759999999999999
454 -0.552 -0.5760000000000001
303 -0.928 0.3640000000000001
80 -0.6599999999999999 -0.868
95 0.724 -0.33599999999999997
17 -0.632 0.744
348 -0.32799999999999996 -0.396
461 0.3560000000000001 -0.348
377 0.26 -0.5840000000000001
431 -0.7 0.5760000000000001
304 -0.852 0.476
305 -0.812 0.45199999999999996
242 0.968 -0.616
205 0.5840000000000001 -0.10399999999999998
387 -0.30000000000000004 0.1519999999999999
356 0.6719999999999999 -0.16400000000000003
67 0.256 0.248
432 -0.648 0.5720000000000001
96 0.528 -0.396
339 -0.356 0.9079999999999999
417 -0.09199999999999997 0.768
137 -0.18000000000000005 -0.86
343 -0.528 -0.76
124 -0.496 0.956
6 0.988 0.276
312 -0.604 0.4079999999999999
147 -0.020000000000000018 0.488
185 0.22399999999999998 -0.43999999999999995
264 -0.488 0.46799999999999997
166 0.772 -0.43200000000000005
292 -0.696 0.744
138 -0.21199999999999997 -0.872
270 -0.19199999999999995 0.5
411 0.5640000000000001 -0.656
331 -0.504 -0.628
313 -0.648 0.48
139 -0.19599999999999995 -0.872
357 0.532 -0.128
175 0.804 -0.052000000000000046
7 0.8240000000000001 0.268
58 0.21599999999999997 0.06000000000000005
319 -0.28 0.792
395 -0.892 0.09200000000000008
278 -0.64 -0.964
439 -0.0040000000000000036 -0.18400000000000005
322 -0.964 0.532
148 0.10400000000000009 0.5
271 -0.256 0.496
381 -0.356 0.42799999999999994
393 -0.404 -0.31599999999999995
226 -0.804 -0.44799999999999995
477 0.3320000000000001 0.6240000000000001
362 0.21999999999999997 -0.5920000000000001
426 -0.4 0.16399999999999992
479 0.984 0.6040000000000001
39 0.4119999999999999 0.7
408 0.03600000000000003 0.052000000000000046
206 0.6279999999999999 -0.08399999999999996
435 0.3400000000000001 0.8360000000000001
213 -0.636 0.17599999999999993
382 -0.42000000000000004 0.3759999999999999
253 0.6519999999999999 0.8600000000000001
122 -0.904 -0.6799999999999999
214 -0.536 0.1080000000000001
245 0.956 -0.484
405 -0.5760000000000001 -0.01200000000000001
286 -0.788 -0.08799999999999997
451 -0.132 0.6120000000000001
40 0.42799999999999994 0.732
296 -0.28 0.5880000000000001
390 0.19199999999999995 -0.136
182 0.6599999999999999 0.74
8 0.996 0.252
293 -0.728 0.7
59 0.3440000000000001 0.18799999999999994
359 -0.74 0.756
222 0.8 0.3759999999999999
344 -0.528 -0.756
473 -0.9359999999999999 0.08000000000000007
290 -0.504 -0.376
243 0.796 -0.716
176 0.752 -0.07999999999999996
440 -0.10799999999999998 -0.23199999999999998
68 0.268 0.244
388 -0.10399999999999998 0.03200000000000003
406 -0.5680000000000001 -0.03600000000000003
486 0.944 -0.252
332 -0.38 -0.6
378 0.28 -0.704
436 0.272 0.796
144 0.20399999999999996 -0.8240000000000001
403 -0.04400000000000004 -0.404
217 0.3759999999999999 0.46399999999999997
349 -0.30400000000000005 -0.22799999999999998
340 -0.18000000000000005 0.968
455 -0.616 -0.48
327 0.796 0.6160000000000001
207 0.56 0.02400000000000002
367 0.6200000000000001 -0.796
487 0.984 -0.28
409 0.040000000000000036 0.06400000000000006
447 -0.972 0.1200000000000001
281 0.8959999999999999 -0.848
489 -0.0040000000000000036 0.956
60 0.30400000000000005 0.01200000000000001
415 -0.16400000000000003 -0.996
492 -0.04800000000000004 -0.712
314 -0.64 0.472
363 0.06400000000000006 -0.752
391 0.26 -0.11199999999999999
323 -0.876 0.6479999999999999
494 -0.98 0.768
291 -0.5880000000000001 -0.33999999999999997
469 -0.16000000000000003 0.6679999999999999
465 0.20799999999999996 -0.496
74 0.19599999999999995 0.3400000000000001
330 -0.776 0.21599999999999997
28 -0.94 -0.344
488 0.956 -0.20399999999999996
109 0.16399999999999992 -0.43999999999999995
364 0.040000000000000036 -0.74
265 -0.54 0.5680000000000001
333 -0.388 -0.552
41 0.5840000000000001 0.6839999999999999
298 0.6160000000000001 0.3320000000000001
186 0.268 -0.22399999999999998
341 -0.31999999999999995 0.9039999999999999
384 -0.30400000000000005 -0.12
254 0.6200000000000001 0.9119999999999999
443 -0.04800000000000004 0.07600000000000007
69 0.268 0.264
145 0.17999999999999994 -0.8240000000000001
427 0.9039999999999999 0.5840000000000001
418 0.03200000000000003 0.9119999999999999
315 -0.504 0.3600000000000001
151 -0.14800000000000002 -0.708
471 0.8560000000000001 -0.31599999999999995
495 -0.972 0.8160000000000001
448 -0.94 0.24
100 0.976 0.94
279 -0.532 -0.944
413 0.0040000000000000036 -0.856
320 -0.256 0.716
193 -0.496 -0.884
272 -0.06399999999999995 0.32400000000000007
280 -0.604 -0.864
146 0.040000000000000036 -0.88
472 0.8879999999999999 -0.364
273 -0.07199999999999995 0.3360000000000001
400 0.488 -0.804
456 -0.5920000000000001 -0.536
194 -0.43600000000000005 -0.844
81 -0.6839999999999999 -0.76
110 0.1080000000000001 -0.388
324 -0.92 0.528
334 -0.33999999999999997 -0.548
466 0.19199999999999995 -0.496
255 0.692 0.8400000000000001
467 0.19999999999999996 -0.5
306 -0.856 0.472
425 0.28 -0.916
392 0.264 -0.15600000000000003
195 -0.45599999999999996 -0.8200000000000001
449 -0.972 0.26
208 0.5920000000000001 0.07200000000000006
111 0.1519999999999999 -0.28800000000000003
429 0.968 -0.904
196 -0.396 -0.86
215 -0.508 0.236
251 0.264 0.3600000000000001
177 0.756 0.040000000000000036
496 -0.964 0.9359999999999999
414 0.016000000000000014 -0.928
307 -0.868 0.3999999999999999
274 -0.21999999999999997 0.5
227 -0.748 -0.492
441 -0.09599999999999997 -0.19999999999999996
256 0.688 0.9159999999999999
485 -0.46799999999999997 -0.44799999999999995
421 -0.484 0.6559999999999999
70 0.46799999999999997 0.22399999999999998
277 0.03600000000000003 -0.24
335 -0.43999999999999995 -0.552
480 0.3839999999999999 0.956
178 0.8400000000000001 -0.0040000000000000036
490 0.028000000000000025 0.976
167 0.752 -0.376
228 -0.764 -0.45199999999999996
457 -0.5680000000000001 -0.5840000000000001
498 -0.792 0.9359999999999999
229 -0.804 -0.56
101 0.8360000000000001 0.776
246 0.8520000000000001 -0.536
82 -0.716 -0.728
336 -0.504 -0.6679999999999999
197 -0.33599999999999997 -0.852
287 -0.848 -0.04400000000000004
152 -0.08399999999999996 -0.612
294 -0.692 0.9239999999999999
257 0.6719999999999999 0.9279999999999999
125 -0.6 0.96
18 -0.636 0.8240000000000001
316 -0.62 0.3799999999999999
218 0.54 0.548
419 -0.052000000000000046 0.696
160 -0.396 -0.8200000000000001
468 0.18799999999999994 -0.54
444 -0.03200000000000003 -0.01200000000000001
452 -0.136 0.6160000000000001
342 -0.256 0.956
198 -0.42400000000000004 -0.892
149 -0.06399999999999995 0.6200000000000001
350 -0.19999999999999996 -0.20399999999999996
385 -0.18400000000000005 -0.18400000000000005
140 -0.18400000000000005 -0.772
325 -0.848 0.6559999999999999
223 0.72 0.516
351 -0.21599999999999997 -0.388
126 -0.43200000000000005 0.96
29 -0.88 -0.31200000000000006
112 -0.0040000000000000036 -0.43600000000000005
360 -0.9 0.776
470 -0.14800000000000002 0.732
150 0.1479999999999999 0.492
19 -0.45199999999999996 0.8
266 -0.516 0.512
61 0.28800000000000003 0.04800000000000004
422 0.9239999999999999 -0.42800000000000005
499 0.6599999999999999 -0.944
474 -0.988 0.028000000000000025
308 -0.916 0.3879999999999999
219 0.3480000000000001 0.5
87 -0.020000000000000018 0.6839999999999999
352 -0.276 -0.31999999999999995
410 0.0 0.05600000000000005
309 -0.88 0.45199999999999996
20 -0.512 0.8400000000000001
113 0.12400000000000011 -0.43200000000000005
434 -0.996 -0.988
450 -0.96 0.18799999999999994
9 0.988 0.3400000000000001
462 0.31200000000000006 -0.41600000000000004
119 -0.52 -0.26
483 0.96 -0.376
199 -0.388 -0.944
423 0.976 -0.396
493 -0.04400000000000004 -0.704
71 0.244 0.276
30 -0.836 -0.38
475 -0.956 -0.0040000000000000036
481 0.23199999999999998 0.9119999999999999
368 0.6399999999999999 -0.9
476 0.1399999999999999 0.44399999999999995
491 -0.02400000000000002 0.94
353 -0.244 -0.272
183 0.6679999999999999 0.6719999999999999
230 -0.76 -0.5840000000000001
383 -0.356 0.3400000000000001
231 -0.8200000000000001 -0.616
420 0.0 0.8999999999999999
184 0.6719999999999999 0.748
310 -0.888 0.3440000000000001
114 0.1519999999999999 -0.252
433 -0.712 0.6120000000000001
317 -0.488 0.3959999999999999
482 0.256 0.948
369 0.6120000000000001 -0.8160000000000001
232 -0.864 -0.532
187 0.264 -0.392
258 0.692 0.8600000000000001
188 0.09600000000000009 -0.22399999999999998
209 0.6759999999999999 -0.02400000000000002
412 0.48 -0.624
88 0.016000000000000014 0.556
275 -0.14800000000000002 0.31200000000000006
48 -0.5640000000000001 -0.26
478 0.26 0.56
389 -0.08399999999999996 -0.01200000000000001
10 0.9279999999999999 0.22399999999999998
288 -0.64 -0.03600000000000003
289 -0.86 -0.128
165 -0.948 -0.928
141 -0.136 -0.776
459 -0.38 -0.33999999999999997
354 -0.276 -0.31200000000000006
89 0.0 0.72
437 0.276 0.6679999999999999
407 -0.5840000000000001 -0.020000000000000018
153 -0.08399999999999996 -0.732
154 -0.20799999999999996 -0.5680000000000001
115 0.1319999999999999 -0.36
102 0.9199999999999999 0.952
116 0.1200000000000001 -0.40800000000000003
438 0.31600000000000006 0.796
463 0.3400000000000001 -0.28800000000000003
120 -0.4 -0.05600000000000005
155 -0.05600000000000005 -0.648
442 -0.04400000000000004 -0.14400000000000002
42 0.46799999999999997 0.6519999999999999
189 0.1359999999999999 -0.20399999999999996
233 -0.772 -0.5
404 -0.15200000000000002 -0.504
31 -0.9319999999999999 -0.30800000000000005
318 0.8959999999999999 -0.18799999999999994
129 0.45599999999999996 0.45199999999999996
424 -0.364 -0.020000000000000018
328 0.784 0.552
484 -0.884 -0.07999999999999996
282 0.6439999999999999 0.5760000000000001
430 0.5 -0.532
250 0.05600000000000005 0.1439999999999999
21 -0.596 0.8959999999999999
234 -0.704 -0.496
355 -0.29600000000000004 -0.42000000000000004
123 -0.968 -0.78
161 -0.41600000000000004 -0.764
311 0.536 0.8680000000000001
103 0.956 0.8320000000000001
224 0.716 0.46399999999999997
83 -0.624 -0.812
396 -0.8280000000000001 0.07200000000000006
329 0.728 0.704
374 0.5 -0.040000000000000036
22 -0.5880000000000001 0.8480000000000001
179 0.8959999999999999 0.05600000000000005
379 0.3480000000000001 -0.688
326 -0.924 0.688
497 0.45199999999999996 0.96
337 -0.45999999999999996 -0.548
464 0.45199999999999996 -0.384
370 0.696 -0.744
458 -0.608 -0.496
11 0.948 0.30400000000000005
285 0.6679999999999999 -0.6759999999999999
200 -0.32399999999999995 -0.968
371 0.6839999999999999 -0.768
235 -0.848 -0.496
460 -0.384 -0.43600000000000005
276 -0.16000000000000003 0.45999999999999996
445 -0.09599999999999997 -0.31200000000000006

