500
0 1
0 2
0 3
0 4
0 5
0 6
0 7
0 8
9 10
9 11
9 12
9 13
9 14
9 15
16 17
16 18
16 19
16 20
16 21
16 22
16 23
16 24
16 25
16 26
16 27
28 29
28 30
28 31
28 32
28 33
34 17
34 35
34 36
34 37
34 38
34 21
34 39
34 40
34 41
34 42
34 43
44 45
44 46
44 47
44 48
44 49
17 50
17 18
17 51
17 20
17 37
17 38
17 21
17 39
17 40
17 41
17 42
17 52
53 18
53 11
53 54
53 55
53 56
53 57
53 58
53 59
53 60
53 61
62 63
62 64
62 65
62 66
62 67
62 68
62 69
62 70
62 71
62 72
62 73
62 74
62 75
62 76
62 77
62 78
62 79
62 80
62 81
63 65
63 66
63 67
63 68
63 70
63 82
63 71
63 74
63 83
63 84
63 85
63 75
63 86
63 79
87 88
87 89
87 90
87 91
10 92
10 14
10 15
10 93
10 94
95 96
95 97
95 98
95 99
95 100
95 101
95 102
50 103
50 104
50 105
50 106
50 107
50 108
50 109
50 110
50 111
50 112
113 88
113 114
113 115
113 116
113 117
64 65
64 66
64 67
64 68
64 69
64 73
64 118
64 119
64 76
64 78
64 81
18 19
18 54
18 20
18 21
18 22
18 120
18 58
18 24
18 25
18 26
18 121
18 122
18 27
18 123
18 61
124 88
124 125
124 126
124 127
124 128
96 97
96 98
96 100
96 129
96 101
96 102
130 66
130 131
130 132
130 133
130 134
130 135
130 136
130 137
130 138
130 139
130 140
51 103
51 35
51 141
51 142
51 38
51 39
51 143
51 144
51 145
51 146
51 147
51 148
51 149
51 52
51 150
51 151
51 152
153 103
153 154
153 155
153 156
153 157
153 158
153 159
153 160
153 161
153 162
153 163
88 142
88 116
88 126
88 164
88 90
88 165
88 128
114 166
114 167
114 168
114 169
114 170
114 171
114 172
114 173
114 174
114 175
176 19
176 54
176 177
176 178
176 25
176 26
176 179
176 180
176 27
176 181
176 182
103 144
103 107
103 157
103 145
103 109
103 110
103 183
103 184
103 151
103 112
103 152
185 186
185 187
185 188
185 189
185 190
185 191
185 192
65 66
65 67
65 68
65 69
65 71
65 72
65 193
65 83
65 75
65 76
65 78
65 194
195 196
195 197
195 198
195 199
195 200
195 201
195 202
195 203
195 204
195 205
35 206
35 36
35 141
35 38
35 207
35 149
66 131
66 70
66 71
66 72
66 208
66 73
66 209
66 74
66 85
66 75
66 77
66 79
66 80
66 81
97 99
67 68
67 69
67 193
67 83
67 76
67 78
67 194
11 12
11 210
11 211
11 212
11 213
11 15
11 59
166 168
166 207
166 143
166 214
166 215
166 174
166 175
166 216
217 218
217 131
217 219
217 46
217 220
217 221
217 222
217 223
217 224
217 225
217 226
217 227
167 168
167 98
167 169
167 170
167 228
168 98
168 169
168 214
168 170
168 228
168 171
168 172
168 173
168 174
168 175
1 229
1 230
1 231
98 228
98 129
68 232
68 69
68 193
68 83
68 76
68 78
233 234
233 235
233 236
233 237
233 238
233 239
233 240
19 54
19 20
19 22
19 23
19 120
19 58
19 25
19 26
19 179
19 121
19 27
19 181
19 182
232 241
242 241
242 243
242 244
242 245
242 246
242 247
242 248
242 249
242 250
242 251
242 252
242 253
254 45
254 255
206 36
206 256
206 257
206 258
12 210
12 259
12 260
12 261
12 262
241 244
241 245
241 246
241 82
241 247
241 263
241 250
241 251
241 253
36 38
36 207
36 215
243 244
243 245
243 247
243 248
243 252
243 253
264 265
264 266
264 267
264 30
264 268
264 269
264 270
264 271
272 55
272 56
272 57
272 273
272 274
272 275
276 277
276 278
276 279
276 280
276 281
276 282
276 283
284 285
284 46
284 47
284 221
284 222
284 286
284 287
288 289
288 290
288 291
288 292
288 293
288 294
295 296
295 297
295 298
299 277
299 300
299 301
299 302
299 303
299 304
299 305
306 30
306 268
306 33
306 307
306 308
306 309
310 311
310 154
310 155
310 312
310 313
310 158
310 160
310 314
310 162
315 2
315 316
315 317
315 318
315 319
315 320
186 45
186 187
186 188
186 321
186 322
186 189
186 190
186 191
186 192
141 38
141 39
141 144
141 41
141 145
141 146
141 149
141 52
141 150
141 151
323 234
323 324
323 325
323 246
323 326
323 327
323 328
323 329
323 330
323 331
54 55
54 20
54 22
54 120
54 58
54 26
54 179
54 121
54 27
54 181
54 182
54 61
332 285
332 221
332 333
332 334
332 287
332 335
336 188
336 285
336 337
336 334
336 338
336 339
336 340
55 56
55 57
55 179
55 181
55 274
55 182
341 342
341 343
341 344
341 136
341 345
341 335
346 211
346 347
346 212
346 348
346 349
346 350
346 351
346 352
346 275
45 187
45 188
45 321
45 322
45 48
45 191
244 245
244 246
244 247
244 263
244 249
244 250
244 251
244 252
244 253
353 354
353 355
353 356
353 357
353 358
353 359
353 360
353 361
353 362
229 2
229 231
229 8
229 319
187 188
187 321
187 322
187 189
187 190
187 191
187 192
20 37
20 21
20 22
20 120
20 58
20 24
20 121
20 122
265 267
265 30
265 32
265 269
265 270
265 363
342 364
342 365
342 136
342 137
342 345
342 335
342 139
289 290
289 291
289 293
366 256
366 257
366 367
366 368
366 369
366 370
256 371
256 257
256 368
256 372
256 373
37 21
37 40
37 42
37 24
37 43
374 266
374 375
374 376
374 377
374 378
374 379
196 197
196 380
196 381
196 382
196 198
196 199
196 383
196 384
196 200
196 201
196 204
196 205
354 355
354 356
354 357
354 358
354 359
354 360
277 385
277 279
277 386
277 280
277 281
277 387
277 305
277 283
56 57
56 273
56 179
56 181
56 274
210 211
210 259
210 212
210 261
210 388
311 155
311 312
311 160
371 257
371 389
371 368
371 390
371 391
371 373
392 393
392 394
392 395
392 396
392 397
392 398
392 399
278 394
278 279
278 280
278 282
234 400
234 235
234 401
234 327
234 328
234 240
188 189
188 190
188 191
188 402
188 192
400 104
400 105
400 235
400 403
400 401
400 404
400 405
400 406
400 407
400 408
69 71
69 72
69 193
69 409
69 118
69 410
69 119
69 76
69 78
69 194
324 325
324 82
324 411
324 326
324 327
324 329
324 330
324 331
324 139
218 131
218 219
218 46
218 220
218 221
218 223
218 224
218 225
218 226
218 227
230 297
57 274
115 116
115 117
115 412
115 125
115 413
115 414
115 415
104 105
104 235
104 106
104 237
104 108
104 405
104 416
104 111
104 239
104 417
104 408
211 259
211 212
211 213
211 261
211 388
266 267
266 418
266 271
266 379
2 3
2 4
2 5
2 231
2 8
2 318
2 319
2 419
142 143
142 420
131 70
131 220
131 133
131 208
131 134
131 209
131 224
131 225
131 77
131 80
131 227
70 71
70 132
70 72
70 209
70 74
70 84
70 85
70 75
70 77
70 79
70 80
70 81
259 260
259 261
259 262
259 421
422 423
422 356
422 424
422 202
422 205
425 426
425 427
425 428
425 429
423 356
423 357
423 430
423 424
38 39
38 144
38 41
38 42
38 146
38 149
38 52
38 150
38 151
260 431
260 262
260 432
260 421
260 433
325 82
325 411
325 326
325 327
325 328
325 329
325 330
325 331
116 117
116 164
116 165
154 155
154 156
154 157
154 313
154 158
154 160
154 184
154 161
154 162
154 163
245 246
245 247
245 263
245 249
245 250
245 251
245 252
245 253
267 30
267 268
267 269
267 271
267 309
393 394
393 395
393 396
393 397
393 399
393 434
355 359
355 402
285 321
285 337
285 286
285 334
285 287
246 82
246 263
246 251
246 331
246 86
117 412
117 435
436 437
29 30
29 31
29 32
29 33
394 396
394 397
219 220
219 223
219 224
219 226
21 22
21 40
21 42
21 24
21 121
21 122
21 43
155 312
155 313
155 158
155 160
155 162
395 438
395 439
395 440
395 398
395 399
395 434
46 220
46 47
46 222
46 49
46 226
105 235
105 106
105 157
105 108
105 405
105 416
105 111
105 184
105 417
105 163
105 408
3 4
3 5
3 7
3 441
220 222
220 223
220 224
220 225
220 226
220 227
442 443
442 316
442 317
442 444
442 445
442 446
442 447
442 320
47 222
47 48
47 49
412 125
412 413
412 414
412 415
257 389
257 368
257 391
257 372
257 373
207 215
207 448
207 258
221 134
221 333
221 225
221 140
221 227
39 41
39 42
39 52
143 146
143 147
143 420
143 149
143 216
82 263
82 84
82 331
82 86
71 72
71 208
71 73
71 74
71 85
71 75
71 76
71 77
71 78
71 79
71 80
71 81
22 23
22 24
22 25
22 26
22 121
22 27
22 182
235 237
235 403
235 401
235 405
235 407
235 417
235 240
235 408
449 99
449 450
449 372
385 451
385 386
385 387
30 268
30 33
30 270
30 309
144 452
144 145
144 110
144 183
144 148
144 149
144 52
144 150
144 151
144 152
347 212
347 348
347 349
347 350
347 388
106 107
106 108
106 416
106 111
106 417
443 316
443 453
443 454
443 444
443 455
443 456
443 446
443 447
443 320
132 133
132 135
132 138
132 84
132 85
132 139
132 79
197 380
197 381
197 382
197 198
197 457
197 458
197 199
197 383
197 384
197 200
197 201
197 204
197 459
364 365
364 411
364 326
364 136
364 137
364 139
375 376
375 377
375 378
375 379
177 178
177 179
177 180
177 181
212 213
212 261
212 349
460 396
460 461
460 397
460 462
460 463
268 309
247 248
247 249
247 250
247 251
247 252
247 253
321 337
321 334
321 191
396 397
4 5
4 7
4 441
5 7
5 441
31 32
31 464
169 170
169 228
169 171
169 172
169 173
169 174
169 175
40 42
40 24
40 43
41 42
41 52
41 150
214 171
214 173
214 174
214 175
214 216
42 24
389 465
389 466
389 391
389 373
356 357
356 358
356 360
356 430
356 424
365 411
365 326
365 236
365 238
452 145
452 147
452 91
452 148
452 151
452 152
411 326
411 328
411 329
343 344
343 467
343 345
343 335
326 328
326 329
468 32
468 469
468 470
468 363
468 471
72 73
72 74
72 83
72 75
72 76
72 77
72 78
72 79
72 80
72 81
337 338
337 339
337 189
337 191
337 340
279 280
279 281
279 282
279 283
133 134
133 135
133 136
133 137
133 138
133 139
133 140
208 472
208 73
208 209
208 74
208 75
208 77
208 80
208 81
473 92
473 93
473 43
92 465
92 466
92 93
32 270
32 363
32 471
357 358
357 360
357 430
357 424
357 474
357 361
357 362
380 381
380 382
380 198
380 457
380 458
380 199
380 383
380 384
380 200
380 201
380 204
380 459
193 83
193 76
193 78
193 194
222 286
222 223
222 224
222 226
236 238
381 382
381 198
381 457
381 458
381 199
381 383
381 384
381 200
381 204
475 430
475 348
475 474
475 350
286 333
286 334
286 287
409 118
409 410
409 119
409 194
125 476
125 128
125 477
125 478
237 401
237 405
237 416
237 417
237 240
237 408
156 107
156 157
156 313
156 158
156 159
156 184
156 161
156 163
300 301
300 479
300 302
300 304
300 305
472 73
403 159
403 404
403 405
403 406
403 407
403 163
403 408
134 135
134 209
134 137
134 225
134 139
134 140
134 227
312 313
312 314
312 162
73 74
73 118
73 76
73 77
73 80
73 81
135 137
135 138
135 84
135 85
135 139
135 79
107 157
107 108
107 145
107 109
107 110
107 111
107 183
107 184
107 163
107 112
126 164
126 165
126 128
438 439
438 480
438 434
451 387
23 25
344 467
344 180
344 345
333 334
333 287
170 228
170 171
170 172
170 173
170 174
170 175
382 457
382 458
382 199
382 383
382 384
382 200
376 377
376 378
376 481
376 308
89 90
198 199
198 200
198 201
198 203
198 204
157 108
157 159
157 109
157 110
157 184
157 161
157 163
313 158
313 160
313 91
313 161
313 162
482 483
482 484
482 428
482 429
108 109
108 405
108 416
108 111
108 184
296 298
120 58
120 24
120 26
120 121
120 122
120 27
120 182
120 123
120 61
209 74
209 225
209 77
209 79
209 80
209 227
209 81
457 458
457 199
457 383
457 384
158 160
158 161
158 162
255 480
458 199
458 383
458 384
458 201
458 459
483 484
483 428
483 429
476 127
476 477
476 478
476 485
164 90
164 165
358 359
358 360
358 430
358 424
145 109
145 110
145 183
145 148
145 150
145 151
145 112
145 152
334 287
223 224
223 225
223 226
223 227
215 146
215 149
215 448
215 216
215 258
224 225
224 226
224 227
469 431
469 470
469 432
469 363
469 433
469 471
301 302
301 303
301 304
301 305
90 165
401 328
401 404
401 406
401 408
199 383
199 384
199 200
199 201
199 204
199 459
159 405
159 184
159 407
159 163
74 85
74 75
74 77
74 79
74 80
74 81
248 249
248 252
248 253
165 128
316 454
316 317
316 444
316 456
316 445
316 446
316 320
178 180
178 182
386 280
386 281
386 387
386 305
386 283
367 369
367 370
453 454
453 444
453 455
453 456
453 426
453 446
453 427
453 447
58 26
58 179
58 121
58 27
58 182
58 61
280 281
280 282
280 283
359 360
359 402
454 455
454 456
454 447
377 378
377 481
377 308
327 328
327 329
327 330
327 331
146 147
146 420
146 149
146 150
290 291
290 292
290 486
290 294
13 470
13 262
13 433
13 487
322 48
24 121
24 43
317 318
317 320
127 478
136 137
136 335
136 139
136 140
109 110
109 183
109 184
109 151
109 112
109 152
360 424
360 362
25 26
25 27
25 181
25 182
444 445
444 446
444 447
338 339
338 467
338 340
160 162
465 466
465 391
465 487
465 373
328 329
328 330
328 331
147 420
147 148
147 149
147 216
484 429
404 406
404 407
404 408
418 269
418 271
418 379
118 410
118 119
118 76
118 78
118 194
137 138
137 139
137 140
430 424
430 474
430 361
430 362
14 15
14 93
14 123
14 94
339 467
339 340
405 407
405 417
405 163
405 408
189 190
189 191
189 402
189 192
190 191
190 402
190 192
26 179
26 27
26 181
26 182
406 249
406 407
406 408
213 59
273 274
416 111
416 239
416 417
488 489
110 183
110 184
110 163
110 151
110 112
110 152
455 426
455 427
455 447
291 293
228 129
228 172
228 173
228 370
179 27
179 181
179 182
179 61
467 274
467 340
456 464
456 490
15 59
15 94
383 384
383 200
383 201
383 459
461 439
461 462
461 491
461 434
231 8
231 319
263 251
263 86
292 294
292 492
99 100
99 101
6 493
6 293
6 419
171 172
171 173
171 174
171 175
378 481
378 379
269 270
269 271
445 446
445 447
431 470
431 432
431 421
431 433
368 450
368 372
249 251
249 252
249 253
397 434
413 414
413 415
111 184
111 417
138 84
138 85
138 139
138 79
83 76
83 78
183 151
183 112
183 152
261 388
420 216
348 349
348 350
348 351
348 361
348 352
348 362
369 370
369 448
369 258
7 441
424 474
424 361
424 362
33 307
33 309
8 493
8 318
8 319
8 419
410 119
410 76
410 78
410 194
486 203
486 294
486 492
119 76
119 78
119 194
470 432
470 433
470 487
349 388
239 417
466 391
466 487
466 373
100 101
100 102
494 495
494 437
494 496
262 433
59 60
59 94
59 61
414 435
432 433
432 471
184 161
184 163
250 251
250 252
250 253
121 122
121 123
121 61
129 370
251 252
251 253
474 350
148 150
148 151
148 152
481 308
350 361
350 362
439 491
439 399
439 434
495 437
495 496
252 253
479 387
480 440
480 192
462 202
462 463
462 497
462 205
60 61
122 43
122 123
122 94
426 427
426 428
426 447
345 335
172 173
172 174
172 175
161 162
161 163
384 200
384 201
384 459
329 330
329 139
281 283
421 498
84 85
84 79
173 174
173 175
48 49
407 163
407 408
446 447
446 320
390 450
390 372
200 201
200 202
200 204
200 205
85 75
85 77
85 79
450 372
271 379
27 181
27 182
363 471
181 182
201 203
201 204
351 352
351 275
202 463
202 497
202 205
493 319
493 419
330 331
417 240
149 150
302 203
302 304
52 150
52 151
52 112
303 304
303 463
303 497
303 305
491 434
150 151
150 152
448 258
225 227
391 487
498 471
498 464
498 490
318 319
440 398
440 399
440 434
191 402
191 192
139 140
477 478
477 485
477 415
427 428
427 447
293 459
75 76
75 77
75 78
75 79
75 80
75 81
76 78
76 194
428 429
151 112
151 152
433 487
77 79
77 80
77 81
43 123
361 362
478 485
101 102
123 94
203 294
203 204
174 175
304 305
112 152
463 497
298 499
78 194
398 399
399 434
499 459
464 490
240 408
294 492
308 309
79 80
437 496
497 205
226 227
352 275
362 275
80 81

0 0.8440000000000001 0.0040000000000000036
9 0.15599999999999992 -0.20399999999999996
16 -0.268 -0.06399999999999995
28 0.5960000000000001 -0.5840000000000001
34 -0.24 -0.31200000000000006
44 -0.17200000000000004 0.976
17 -0.32399999999999995 -0.22399999999999998
53 -0.0040000000000000036 0.10000000000000009
62 -0.744 0.752
63 -0.788 0.6120000000000001
87 -0.8280000000000001 -0.496
10 0.08800000000000008 -0.22799999999999998
95 -0.0040000000000000036 -0.992
50 -0.516 -0.128
113 -0.628 -0.724
64 -0.764 0.8999999999999999
18 -0.14400000000000002 -0.07199999999999995
124 -0.944 -0.756
96 -0.09199999999999997 -0.956
130 -0.524 0.6000000000000001
51 -0.492 -0.4
153 -0.804 -0.136
88 -0.768 -0.656
114 -0.45199999999999996 -0.856
176 -0.24 0.1399999999999999
103 -0.604 -0.252
185 0.12400000000000011 0.716
65 -0.852 0.748
195 0.6679999999999999 0.544
35 -0.29600000000000004 -0.42800000000000005
66 -0.652 0.72
97 0.1080000000000001 -0.98
67 -0.9 0.764
11 0.17199999999999993 -0.02400000000000002
166 -0.384 -0.6679999999999999
217 -0.42800000000000005 0.804
167 -0.376 -0.984
168 -0.388 -0.832
1 0.6519999999999999 -0.17600000000000005
98 -0.18799999999999994 -0.972
68 -0.888 0.708
233 -0.496 0.16399999999999992
19 -0.22799999999999998 0.01200000000000001
232 -0.992 0.536
242 -0.972 0.248
254 0.08400000000000007 0.988
206 -0.11599999999999999 -0.54
12 0.29600000000000004 -0.124
241 -0.892 0.3680000000000001
36 -0.272 -0.43600000000000005
243 -0.996 0.17999999999999994
264 0.4159999999999999 -0.6719999999999999
272 0.03600000000000003 0.32800000000000007
276 0.732 0.992
284 -0.236 0.796
288 0.9039999999999999 0.32400000000000007
295 0.5640000000000001 0.052000000000000046
299 0.8320000000000001 0.732
306 0.6240000000000001 -0.792
310 -0.9359999999999999 -0.31999999999999995
315 0.9279999999999999 -0.19999999999999996
186 0.020000000000000018 0.76
141 -0.43200000000000005 -0.384
323 -0.6799999999999999 0.30800000000000005
54 -0.09599999999999997 0.02400000000000002
332 -0.264 0.5880000000000001
336 -0.09599999999999997 0.5680000000000001
55 -0.07199999999999995 0.18399999999999994
341 -0.31999999999999995 0.41999999999999993
346 0.22799999999999998 0.17999999999999994
45 -0.06799999999999995 0.8320000000000001
244 -0.92 0.31200000000000006
353 0.236 0.42799999999999994
229 0.752 -0.16000000000000003
187 0.028000000000000025 0.752
20 -0.16400000000000003 -0.08799999999999997
265 0.4159999999999999 -0.5640000000000001
342 -0.392 0.4079999999999999
289 0.8440000000000001 0.22799999999999998
366 -0.10799999999999998 -0.744
256 -0.01200000000000001 -0.624
37 -0.18400000000000005 -0.236
374 0.30000000000000004 -0.92
196 0.6279999999999999 0.488
354 0.24 0.536
277 0.8280000000000001 0.8759999999999999
56 -0.07599999999999996 0.21599999999999997
210 0.32400000000000007 0.0040000000000000036
311 -0.992 -0.29600000000000004
371 0.1160000000000001 -0.5680000000000001
392 0.42399999999999993 0.944
278 0.6279999999999999 0.9319999999999999
234 -0.604 0.23199999999999998
188 0.04800000000000004 0.708
400 -0.72 0.08000000000000007
69 -0.876 0.8360000000000001
324 -0.616 0.4159999999999999
218 -0.44799999999999995 0.792
230 0.5800000000000001 -0.12
57 0.0 0.20399999999999996
115 -0.728 -0.876
104 -0.5720000000000001 -0.008000000000000007
211 0.268 0.040000000000000036
266 0.28800000000000003 -0.796
2 0.8280000000000001 -0.07199999999999995
142 -0.636 -0.544
131 -0.544 0.704
70 -0.6839999999999999 0.6759999999999999
259 0.3520000000000001 -0.11199999999999999
422 0.46399999999999997 0.5840000000000001
425 0.796 -0.6599999999999999
423 0.41999999999999993 0.516
38 -0.384 -0.36
260 0.3680000000000001 -0.19999999999999996
325 -0.62 0.3959999999999999
116 -0.704 -0.72
154 -0.78 -0.21199999999999997
245 -0.956 0.32800000000000007
267 0.42799999999999994 -0.72
393 0.42799999999999994 0.8720000000000001
355 0.09200000000000008 0.508
285 -0.16800000000000004 0.6559999999999999
246 -0.8200000000000001 0.4079999999999999
117 -0.628 -0.8160000000000001
436 0.7 -0.976
29 0.6240000000000001 -0.5800000000000001
394 0.52 0.964
219 -0.484 0.9039999999999999
21 -0.16800000000000004 -0.16000000000000003
155 -0.9 -0.244
395 0.30400000000000005 0.8560000000000001
46 -0.29600000000000004 0.9159999999999999
105 -0.6 -0.04800000000000004
3 0.9199999999999999 0.04800000000000004
220 -0.42400000000000004 0.8280000000000001
442 0.9239999999999999 -0.368
47 -0.244 0.9079999999999999
412 -0.76 -0.916
257 0.02400000000000002 -0.604
207 -0.28400000000000003 -0.5800000000000001
221 -0.348 0.6599999999999999
39 -0.348 -0.24
143 -0.52 -0.552
82 -0.76 0.492
71 -0.72 0.724
22 -0.244 -0.028000000000000025
235 -0.648 0.09200000000000008
449 0.1120000000000001 -0.788
385 0.9199999999999999 0.9199999999999999
30 0.556 -0.6599999999999999
144 -0.5 -0.33999999999999997
347 0.3440000000000001 0.17199999999999993
106 -0.516 -0.07199999999999995
443 0.8680000000000001 -0.41600000000000004
132 -0.612 0.5800000000000001
197 0.6399999999999999 0.43599999999999994
364 -0.45599999999999996 0.42799999999999994
375 0.30400000000000005 -0.94
177 -0.22399999999999998 0.19199999999999995
212 0.256 0.07200000000000006
460 0.5680000000000001 0.792
268 0.528 -0.736
247 -0.944 0.28800000000000003
321 -0.08799999999999997 0.716
396 0.504 0.9079999999999999
4 0.8839999999999999 0.028000000000000025
5 0.948 0.03600000000000003
31 0.6319999999999999 -0.512
169 -0.404 -0.884
40 -0.21599999999999997 -0.256
41 -0.356 -0.30000000000000004
214 -0.472 -0.712
42 -0.28 -0.248
389 0.08400000000000007 -0.5
356 0.3480000000000001 0.544
365 -0.45999999999999996 0.3360000000000001
452 -0.612 -0.40800000000000003
411 -0.556 0.3600000000000001
343 -0.252 0.3799999999999999
326 -0.5640000000000001 0.3799999999999999
468 0.44799999999999995 -0.43600000000000005
72 -0.764 0.744
337 -0.07599999999999996 0.6200000000000001
279 0.716 0.976
133 -0.492 0.6120000000000001
208 -0.62 0.808
473 -0.06000000000000005 -0.30000000000000004
92 0.05600000000000005 -0.33199999999999996
32 0.532 -0.512
357 0.3520000000000001 0.46399999999999997
380 0.6399999999999999 0.42399999999999993
193 -0.912 0.744
222 -0.30800000000000005 0.8360000000000001
236 -0.43999999999999995 0.21599999999999997
381 0.5920000000000001 0.42399999999999993
475 0.4119999999999999 0.30800000000000005
286 -0.21599999999999997 0.772
409 -0.904 0.9119999999999999
125 -0.844 -0.856
237 -0.5920000000000001 0.08400000000000007
156 -0.724 -0.15200000000000002
300 0.8600000000000001 0.74
472 -0.624 0.9159999999999999
403 -0.76 0.0
134 -0.46399999999999997 0.6359999999999999
312 -0.96 -0.348
73 -0.7 0.8360000000000001
135 -0.5840000000000001 0.54
107 -0.62 -0.18400000000000005
126 -0.832 -0.712
438 0.268 0.748
451 0.964 0.9159999999999999
23 -0.33599999999999997 -0.06799999999999995
344 -0.252 0.3640000000000001
333 -0.28800000000000003 0.6759999999999999
170 -0.356 -0.884
382 0.556 0.3879999999999999
376 0.4159999999999999 -0.956
89 -0.808 -0.5
198 0.712 0.528
157 -0.6839999999999999 -0.14400000000000002
313 -0.84 -0.256
482 0.944 -0.712
108 -0.5640000000000001 -0.09199999999999997
296 0.5720000000000001 0.16399999999999992
120 -0.11599999999999999 -0.03200000000000003
209 -0.5760000000000001 0.744
457 0.5720000000000001 0.3680000000000001
158 -0.8240000000000001 -0.21599999999999997
255 0.16399999999999992 0.952
458 0.6599999999999999 0.3600000000000001
483 0.9279999999999999 -0.724
476 -0.948 -0.9
164 -0.8160000000000001 -0.624
358 0.28400000000000003 0.492
145 -0.548 -0.30000000000000004
334 -0.20399999999999996 0.6639999999999999
223 -0.42400000000000004 0.8600000000000001
215 -0.33599999999999997 -0.548
224 -0.42400000000000004 0.8240000000000001
469 0.3999999999999999 -0.368
301 0.804 0.6799999999999999
90 -0.8200000000000001 -0.552
401 -0.704 0.16799999999999993
199 0.6279999999999999 0.42799999999999994
159 -0.78 -0.052000000000000046
74 -0.688 0.732
248 -0.972 0.17599999999999993
165 -0.756 -0.632
316 0.8799999999999999 -0.31599999999999995
178 -0.256 0.17599999999999993
386 0.8400000000000001 0.8720000000000001
367 -0.20399999999999996 -0.744
453 0.8720000000000001 -0.492
58 -0.10799999999999998 0.0040000000000000036
280 0.728 0.956
359 0.20399999999999996 0.548
454 0.804 -0.41600000000000004
377 0.41999999999999993 -0.944
327 -0.696 0.30000000000000004
146 -0.43999999999999995 -0.46399999999999997
290 0.8720000000000001 0.3440000000000001
13 0.248 -0.29200000000000004
322 -0.03200000000000003 0.8600000000000001
24 -0.18400000000000005 -0.14400000000000002
317 0.992 -0.28
127 -1.0 -0.78
136 -0.404 0.512
109 -0.5760000000000001 -0.19599999999999995
360 0.248 0.484
25 -0.252 0.03600000000000003
444 0.9359999999999999 -0.43200000000000005
338 -0.028000000000000025 0.528
160 -0.888 -0.22399999999999998
287 -0.21199999999999997 0.696
465 0.1160000000000001 -0.41200000000000003
328 -0.64 0.28400000000000003
147 -0.492 -0.504
484 0.8759999999999999 -0.8
404 -0.792 0.09600000000000009
418 0.28800000000000003 -0.704
118 -0.8200000000000001 0.8959999999999999
137 -0.48 0.528
430 0.3720000000000001 0.42399999999999993
14 0.08000000000000007 -0.18799999999999994
339 -0.03200000000000003 0.5
405 -0.6679999999999999 -0.016000000000000014
128 -0.832 -0.748
189 0.03600000000000003 0.6759999999999999
190 0.1200000000000001 0.716
26 -0.21199999999999997 0.04800000000000004
406 -0.78 0.1080000000000001
213 0.18399999999999994 0.03200000000000003
273 0.0 0.3320000000000001
416 -0.5 0.01200000000000001
488 -0.96 0.020000000000000018
110 -0.5920000000000001 -0.236
91 -0.732 -0.376
238 -0.396 0.248
455 0.808 -0.52
291 0.8680000000000001 0.256
228 -0.29200000000000004 -0.928
179 -0.124 0.10400000000000009
467 -0.132 0.4119999999999999
456 0.772 -0.392
15 0.10000000000000009 -0.11599999999999999
383 0.6599999999999999 0.3879999999999999
461 0.44799999999999995 0.748
231 0.732 -0.18799999999999994
263 -0.844 0.42799999999999994
292 0.988 0.4039999999999999
99 0.09200000000000008 -0.892
6 0.732 0.10000000000000009
171 -0.404 -0.804
378 0.3400000000000001 -0.9319999999999999
269 0.3919999999999999 -0.648
445 0.996 -0.42000000000000004
431 0.4159999999999999 -0.264
368 0.01200000000000001 -0.644
249 -0.864 0.22799999999999998
397 0.472 0.8839999999999999
413 -0.716 -0.94
111 -0.544 -0.07199999999999995
138 -0.5880000000000001 0.552
83 -0.864 0.688
183 -0.596 -0.276
261 0.3440000000000001 -0.0040000000000000036
420 -0.524 -0.536
348 0.32800000000000007 0.256
369 -0.15600000000000003 -0.712
7 0.9119999999999999 0.08000000000000007
424 0.3640000000000001 0.472
489 -0.972 -0.02400000000000002
33 0.6599999999999999 -0.692
8 0.804 -0.10799999999999998
410 -0.916 0.8999999999999999
486 0.8640000000000001 0.45999999999999996
119 -0.848 0.8999999999999999
470 0.3320000000000001 -0.32399999999999995
349 0.3440000000000001 0.16399999999999992
314 -0.96 -0.41600000000000004
239 -0.45199999999999996 0.08400000000000007
466 0.12400000000000011 -0.43600000000000005
100 -0.020000000000000018 -0.904
494 0.8440000000000001 -0.992
262 0.29200000000000004 -0.19999999999999996
59 0.06800000000000006 -0.016000000000000014
414 -0.6599999999999999 -0.984
432 0.42799999999999994 -0.31200000000000006
184 -0.6639999999999999 -0.14400000000000002
250 -1.0 0.31200000000000006
121 -0.14 -0.09199999999999997
129 -0.20399999999999996 -0.896
251 -0.912 0.3320000000000001
474 0.41999999999999993 0.3839999999999999
148 -0.5680000000000001 -0.404
481 0.45599999999999996 -0.968
350 0.3400000000000001 0.28800000000000003
435 -0.5800000000000001 -0.928
439 0.3320000000000001 0.752
495 0.8480000000000001 -0.976
180 -0.264 0.244
252 -0.984 0.248
479 0.972 0.788
480 0.17599999999999993 0.8640000000000001
462 0.5640000000000001 0.716
60 0.028000000000000025 0.040000000000000036
122 -0.05600000000000005 -0.136
426 0.9159999999999999 -0.56
270 0.45999999999999996 -0.5920000000000001
345 -0.32799999999999996 0.3759999999999999
172 -0.396 -0.84
161 -0.756 -0.21599999999999997
384 0.6000000000000001 0.3919999999999999
329 -0.5840000000000001 0.4039999999999999
281 0.796 0.948
421 0.45599999999999996 -0.18400000000000005
84 -0.6799999999999999 0.5760000000000001
335 -0.28800000000000003 0.492
173 -0.404 -0.8160000000000001
48 -0.15200000000000002 0.948
407 -0.724 0.0040000000000000036
446 0.976 -0.404
390 0.1519999999999999 -0.632
200 0.6040000000000001 0.508
85 -0.6839999999999999 0.6160000000000001
450 0.12400000000000011 -0.732
271 0.3839999999999999 -0.732
27 -0.15600000000000003 0.040000000000000036
363 0.45599999999999996 -0.46399999999999997
181 -0.132 0.1319999999999999
379 0.28 -0.8240000000000001
201 0.72 0.45199999999999996
351 0.21199999999999997 0.21599999999999997
202 0.552 0.6160000000000001
493 0.704 -0.020000000000000018
330 -0.692 0.3600000000000001
417 -0.552 0.03600000000000003
149 -0.4 -0.43999999999999995
370 -0.21999999999999997 -0.8280000000000001
302 0.8520000000000001 0.6240000000000001
52 -0.42000000000000004 -0.31200000000000006
162 -0.864 -0.22799999999999998
274 -0.028000000000000025 0.30400000000000005
93 0.03600000000000003 -0.28400000000000003
303 0.72 0.7
491 0.4119999999999999 0.728
150 -0.45999999999999996 -0.368
448 -0.26 -0.604
225 -0.46399999999999997 0.748
391 0.1399999999999999 -0.492
182 -0.18400000000000005 0.06800000000000006
498 0.5680000000000001 -0.29600000000000004
331 -0.708 0.3799999999999999
318 0.9239999999999999 -0.17600000000000005
297 0.528 -0.052000000000000046
440 0.29600000000000004 0.9039999999999999
191 0.03200000000000003 0.716
49 -0.20799999999999996 0.976
163 -0.7 -0.11599999999999999
139 -0.496 0.524
441 0.996 0.04400000000000004
477 -0.88 -0.944
427 0.8680000000000001 -0.5800000000000001
307 0.6799999999999999 -0.808
293 0.8320000000000001 0.21999999999999997
75 -0.736 0.712
76 -0.812 0.784
428 0.8320000000000001 -0.6599999999999999
151 -0.492 -0.31200000000000006
433 0.32000000000000006 -0.29200000000000004
77 -0.652 0.736
43 -0.14400000000000002 -0.244
319 0.8200000000000001 -0.128
361 0.28800000000000003 0.3600000000000001
478 -0.9359999999999999 -0.892
101 -0.020000000000000018 -0.984
123 -0.040000000000000036 -0.14400000000000002
372 0.07200000000000006 -0.708
203 0.784 0.536
94 0.01200000000000001 -0.124
174 -0.372 -0.784
304 0.784 0.7
112 -0.532 -0.21599999999999997
175 -0.40800000000000003 -0.764
216 -0.41200000000000003 -0.624
388 0.3839999999999999 0.08000000000000007
485 -0.984 -0.992
463 0.6439999999999999 0.732
340 -0.08399999999999996 0.532
152 -0.5640000000000001 -0.31599999999999995
298 0.5840000000000001 0.12400000000000011
78 -0.832 0.784
471 0.48 -0.41600000000000004
398 0.30800000000000005 0.9319999999999999
86 -0.8160000000000001 0.528
399 0.3440000000000001 0.8720000000000001
140 -0.41600000000000004 0.6160000000000001
61 -0.028000000000000025 0.0
499 0.696 0.23199999999999998
402 0.10400000000000009 0.5960000000000001
464 0.6559999999999999 -0.396
240 -0.5800000000000001 0.15599999999999992
419 0.724 0.008000000000000007
447 0.9079999999999999 -0.484
282 0.6519999999999999 0.944
294 0.8879999999999999 0.42399999999999993
258 -0.23199999999999998 -0.608
308 0.524 -0.876
79 -0.6799999999999999 0.6519999999999999
487 0.21599999999999997 -0.388
253 -0.964 0.28
434 0.3600000000000001 0.804
204 0.712 0.536
437 0.772 -0.9359999999999999
387 0.9359999999999999 0.8680000000000001
497 0.6120000000000001 0.6679999999999999
415 -0.808 -0.984
305 0.792 0.8
373 0.01200000000000001 -0.516
226 -0.396 0.8720000000000001
102 -0.05600000000000005 -0.964
496 0.8799999999999999 -1.0
492 0.968 0.472
429 0.8839999999999999 -0.716
352 0.21199999999999997 0.19599999999999995
362 0.26 0.3680000000000001
275 0.1479999999999999 0.248
80 -0.648 0.74
205 0.5640000000000001 0.6000000000000001
459 0.716 0.32800000000000007
227 -0.46399999999999997 0.756
192 0.12400000000000011 0.784
309 0.548 -0.776
81 -0.6759999999999999 0.784
408 -0.6839999999999999 0.07200000000000006
320 0.984 -0.30000000000000004
283 0.784 0.98
490 0.6519999999999999 -0.356
194 -0.888 0.8640000000000001

