500
0 3
0 4
0 6
0 57
0 61
0 66
0 77
0 129
0 210
0 214
0 259
0 341
0 375
0 435
1 3
1 8
1 26
1 30
1 43
1 53
1 76
1 99
1 131
1 156
1 209
1 245
1 396
1 493
2 3
2 4
2 5
2 6
2 7
2 8
2 9
2 12
2 15
2 19
2 21
2 22
2 24
2 25
2 35
2 42
2 43
2 46
2 47
2 59
2 73
2 74
2 109
2 114
2 126
2 142
2 152
2 157
2 165
2 166
2 167
2 172
2 186
2 198
2 204
2 221
2 231
2 235
2 294
2 300
2 306
2 312
2 315
2 328
2 334
2 382
2 410
2 414
2 427
2 465
2 467
2 489
3 4
3 5
3 7
3 9
3 10
3 12
3 15
3 17
3 23
3 24
3 27
3 37
3 39
3 41
3 43
3 50
3 59
3 61
3 65
3 67
3 68
3 82
3 85
3 87
3 90
3 98
3 102
3 103
3 117
3 122
3 130
3 141
3 150
3 155
3 159
3 160
3 173
3 179
3 193
3 205
3 213
3 216
3 236
3 251
3 254
3 257
3 280
3 286
3 300
3 302
3 304
3 308
3 311
3 314
3 315
3 321
3 349
3 357
3 358
3 369
3 386
3 406
3 441
3 471
4 5
4 7
4 10
4 12
4 13
4 14
4 16
4 17
4 19
4 31
4 32
4 33
4 37
4 40
4 46
4 48
4 55
4 60
4 67
4 70
4 76
4 103
4 110
4 121
4 147
4 154
4 169
4 207
4 214
4 290
4 322
4 338
4 385
4 394
4 485
4 492
5 6
5 17
5 23
5 32
5 41
5 44
5 51
5 52
5 65
5 75
5 80
5 94
5 101
5 104
5 107
5 113
5 116
5 121
5 133
5 134
5 143
5 148
5 167
5 187
5 202
5 235
5 242
5 254
5 283
5 292
5 296
5 298
5 307
5 318
5 340
5 344
5 403
5 424
5 431
5 441
5 444
5 450
5 482
5 491
6 11
6 25
6 35
6 47
6 51
6 60
6 119
6 122
6 178
6 195
6 208
6 300
6 320
6 325
6 346
6 374
6 409
6 460
6 464
7 8
7 9
7 10
7 13
7 14
7 16
7 18
7 27
7 29
7 38
7 39
7 45
7 59
7 68
7 69
7 78
7 83
7 89
7 93
7 96
7 98
7 107
7 109
7 113
7 115
7 135
7 137
7 144
7 159
7 170
7 181
7 182
7 184
7 198
7 204
7 205
7 218
7 232
7 236
7 242
7 244
7 248
7 256
7 260
7 276
7 289
7 290
7 308
7 319
7 339
7 343
7 363
7 369
7 389
7 398
7 404
7 425
7 430
7 439
7 446
7 458
7 470
7 475
7 497
7 498
8 11
8 25
8 28
8 81
8 136
8 151
8 180
8 193
8 224
8 333
8 406
9 20
9 61
9 62
9 69
9 93
9 124
9 142
9 175
9 181
9 229
9 251
9 378
10 11
10 13
10 34
10 36
10 40
10 44
10 54
10 65
10 90
10 93
10 97
10 106
10 126
10 152
10 154
10 158
10 161
10 172
10 173
10 183
10 185
10 194
10 196
10 200
10 223
10 224
10 258
10 262
10 263
10 341
10 376
10 412
10 421
11 14
11 15
11 28
11 32
11 39
11 49
11 64
11 96
11 123
11 132
11 139
11 150
11 157
11 168
11 189
11 191
11 199
11 215
11 226
11 227
11 239
11 244
11 275
11 303
11 316
11 317
11 421
11 426
12 18
12 23
12 36
12 91
12 101
12 125
12 163
12 188
12 247
12 424
13 16
13 30
13 84
13 101
13 149
13 154
13 166
13 190
13 234
13 370
13 409
13 454
13 487
14 18
14 20
14 21
14 26
14 28
14 53
14 58
14 62
14 67
14 72
14 125
14 173
14 190
14 229
14 290
14 296
14 302
14 304
14 305
14 306
14 326
14 327
14 353
14 403
14 446
15 22
15 24
15 29
15 31
15 37
15 51
15 53
15 54
15 55
15 78
15 151
15 162
15 183
15 202
15 244
15 261
15 284
15 344
15 362
15 378
15 451
15 463
15 476
15 486
15 494
16 21
16 38
16 45
16 74
16 83
16 114
16 120
16 138
16 164
16 168
16 170
16 174
16 240
16 241
16 274
16 298
16 371
16 384
16 422
16 434
16 460
16 482
17 22
17 42
17 121
17 221
17 240
18 19
18 20
18 36
18 44
18 47
18 56
18 75
18 76
18 85
18 86
18 95
18 97
18 112
18 119
18 153
18 160
18 178
18 211
18 231
18 233
18 249
18 253
18 265
18 309
18 311
18 328
18 329
18 334
18 335
18 344
18 371
18 380
18 395
18 415
18 417
18 464
18 484
18 488
19 50
19 89
19 274
19 276
19 392
20 73
20 86
20 108
20 211
20 318
20 321
20 360
20 374
20 389
20 462
21 26
21 27
21 29
21 31
21 34
21 48
21 49
21 64
21 79
21 91
21 133
21 136
21 138
21 189
21 197
21 256
21 269
21 284
21 411
21 432
21 437
21 459
21 473
22 71
22 80
22 111
22 132
22 177
22 181
22 186
23 54
23 122
23 146
23 194
23 229
23 281
23 282
23 359
23 362
23 383
24 35
24 70
24 77
24 88
24 106
24 116
24 125
24 128
24 158
24 162
24 268
24 309
24 379
24 398
24 451
25 46
25 70
26 30
26 115
26 208
26 227
26 250
26 316
26 387
26 424
26 456
27 49
27 63
27 81
27 310
27 374
27 457
27 489
28 33
28 58
28 63
28 87
28 92
28 200
28 242
28 293
28 307
28 331
29 79
30 34
30 38
30 62
30 117
30 119
30 161
30 165
30 201
30 203
30 241
30 264
30 323
30 357
30 423
30 450
30 452
30 462
30 486
31 33
31 114
31 167
31 195
31 232
31 339
32 84
32 157
32 220
32 223
32 322
32 371
32 426
33 73
33 171
33 193
33 330
33 370
33 440
34 111
34 117
34 166
34 219
34 245
34 313
34 356
34 388
34 434
35 215
35 235
35 261
35 266
35 303
35 321
36 66
36 92
36 160
36 164
36 180
36 225
36 340
36 445
37 40
37 56
37 57
37 69
37 85
37 88
37 100
37 108
37 112
37 143
37 197
37 207
37 225
37 273
37 324
37 480
37 483
38 52
38 78
38 131
38 156
38 199
38 225
38 273
38 327
38 365
38 402
39 50
39 57
39 60
39 63
39 97
39 106
39 124
39 127
39 143
39 230
39 297
39 301
39 476
40 41
40 45
40 68
40 72
40 94
40 104
40 148
40 162
40 187
40 211
40 265
40 271
40 310
40 400
40 401
40 404
40 425
40 433
40 459
40 475
40 477
41 88
41 91
41 129
41 131
41 185
41 206
41 241
41 337
41 346
41 478
42 75
42 176
42 185
42 280
42 342
42 457
42 496
43 120
43 144
43 212
43 365
43 391
44 81
44 325
45 52
45 56
45 80
45 102
45 140
45 163
45 178
45 188
45 207
45 222
45 270
45 347
45 348
45 376
45 388
45 419
46 82
46 250
46 272
46 367
47 48
47 58
47 108
47 139
47 184
47 212
47 333
47 340
47 392
47 441
47 442
47 445
48 72
48 172
48 205
49 133
50 92
50 349
50 366
51 150
51 190
52 95
52 107
52 247
52 291
52 292
52 408
53 134
53 262
54 55
54 83
54 98
54 127
54 191
54 217
54 239
54 260
54 445
54 468
55 64
55 128
55 263
55 352
55 414
55 450
56 355
57 66
57 74
57 120
57 145
57 222
57 294
57 358
57 372
57 395
58 99
58 257
58 265
58 301
58 481
59 79
59 90
59 103
59 118
59 140
59 145
59 152
59 191
59 208
59 234
59 253
59 263
59 345
59 359
59 408
59 456
59 487
60 71
60 228
60 230
60 243
60 278
60 356
61 100
61 444
62 110
62 250
62 336
62 413
62 442
63 71
63 137
63 139
63 269
63 342
63 345
63 366
63 499
64 123
64 331
64 361
65 96
65 116
65 127
65 436
67 102
67 134
67 240
67 309
67 439
68 278
69 99
69 258
69 405
70 209
70 255
70 417
71 164
72 77
72 86
72 95
72 149
72 384
72 397
73 163
73 179
73 243
73 280
73 287
73 317
73 467
74 332
76 111
76 129
76 139
76 154
76 175
76 226
76 314
76 328
76 414
76 477
77 86
77 145
77 270
77 318
78 103
78 161
78 230
78 232
78 286
78 491
79 183
79 377
79 383
79 475
80 169
80 321
80 493
81 138
81 442
81 470
82 185
82 287
82 355
83 379
84 194
84 221
84 423
84 483
85 100
85 136
85 156
85 159
85 218
85 268
85 399
85 404
85 407
85 490
86 196
86 236
86 344
87 427
88 95
88 105
88 149
88 214
88 219
88 227
88 275
88 293
88 366
88 413
88 443
88 476
89 367
91 93
91 94
91 99
91 107
91 108
91 165
91 186
91 188
91 215
91 268
91 278
91 283
91 336
91 354
91 437
92 102
92 126
92 245
92 295
92 455
93 140
93 160
93 179
93 203
93 225
93 369
93 371
93 380
93 395
93 406
93 407
93 414
93 422
93 433
93 456
93 487
94 167
94 230
95 204
95 208
95 224
95 465
95 467
96 102
96 329
96 337
96 355
96 469
97 107
97 115
97 125
97 126
97 172
97 214
97 234
97 272
97 273
98 122
98 235
99 261
99 262
100 102
100 145
100 274
100 367
100 368
101 172
101 207
101 223
101 257
101 330
101 499
102 132
102 166
102 215
102 229
102 424
102 450
102 481
103 127
104 144
105 106
105 123
105 137
105 229
106 159
106 181
106 327
106 352
106 377
106 431
106 454
107 384
109 136
109 155
109 263
109 334
110 182
110 389
110 478
111 117
111 200
111 251
111 269
111 387
111 426
111 485
112 136
112 374
113 237
113 280
113 328
114 177
114 188
114 296
116 154
116 420
116 429
117 269
117 275
117 318
117 332
117 395
117 493
117 496
118 133
119 384
120 128
120 231
120 256
120 345
121 190
121 279
122 243
122 247
122 458
123 404
125 192
125 196
125 244
125 249
125 253
125 267
125 298
125 326
125 464
125 473
125 480
125 491
126 168
126 238
127 173
127 204
127 315
127 390
127 498
128 263
128 267
129 387
129 487
130 384
131 151
131 233
131 443
132 463
133 173
134 165
135 189
135 299
135 316
136 298
136 325
137 240
137 418
138 162
138 254
138 267
138 388
138 473
139 344
139 398
140 277
140 289
141 156
141 383
141 494
144 260
144 310
144 447
145 341
145 390
146 234
147 249
147 255
147 318
147 339
147 389
147 396
147 472
148 205
150 183
150 225
150 261
150 284
150 457
150 484
151 221
151 454
152 223
153 283
153 286
153 416
156 236
157 235
157 236
158 164
158 180
158 243
158 397
159 242
159 413
159 439
159 451
160 169
160 280
162 331
163 342
164 325
164 357
164 360
164 389
165 182
165 202
165 212
165 229
165 244
165 264
165 285
165 295
165 319
165 333
165 340
165 395
165 405
165 422
165 438
165 453
165 466
168 248
168 384
169 251
169 300
170 375
170 497
171 296
171 302
171 440
172 423
173 190
173 226
173 292
173 335
174 181
174 212
174 241
174 250
174 256
174 434
174 438
174 465
174 470
174 472
176 362
176 372
177 219
177 376
177 409
178 248
178 335
178 392
179 206
179 221
179 245
179 262
179 337
179 339
180 252
180 332
182 204
184 472
185 195
185 201
185 415
186 244
186 259
186 335
186 360
186 391
186 417
187 261
187 397
188 482
189 264
189 290
190 212
190 257
190 364
192 199
192 317
192 473
193 353
195 477
195 494
196 288
196 431
196 451
196 453
198 232
198 374
199 203
199 327
199 470
200 323
200 381
202 345
202 382
203 356
203 452
203 488
204 458
205 483
206 228
208 238
209 271
209 358
210 232
210 281
211 246
211 311
211 363
211 378
212 285
214 231
214 241
214 259
215 266
215 273
215 289
215 304
215 309
215 349
215 371
215 386
215 464
216 274
216 366
216 399
216 482
217 452
217 463
218 242
218 446
219 220
219 253
219 308
220 261
220 294
221 359
221 362
221 445
221 448
226 382
226 396
227 417
229 331
231 239
231 444
232 393
233 254
234 290
236 276
236 346
236 455
236 489
239 341
241 462
242 286
244 298
244 347
244 352
244 363
245 484
246 294
246 338
247 301
247 314
249 478
251 411
252 300
252 340
252 350
252 388
252 409
252 453
255 297
255 331
255 419
256 359
256 418
257 401
258 377
258 378
258 462
260 365
261 326
262 320
264 312
264 354
265 301
265 328
265 368
266 465
267 314
267 455
267 498
268 306
268 436
268 449
268 460
270 271
270 351
271 497
273 346
277 479
280 293
280 311
280 374
281 383
282 309
282 378
282 449
286 390
287 303
290 373
290 405
290 433
292 295
292 433
292 440
293 393
293 476
294 403
294 474
295 317
295 335
295 382
295 398
295 427
295 487
297 446
298 320
299 337
299 383
300 420
303 465
305 345
305 498
306 449
307 422
309 326
309 353
309 493
311 323
317 435
319 420
324 372
326 423
327 424
327 461
327 491
328 466
329 332
330 352
330 419
331 394
332 379
332 387
332 407
332 412
335 344
335 414
335 477
337 343
340 406
340 481
346 347
346 460
348 358
350 436
354 468
356 496
362 417
363 489
366 394
368 377
370 420
372 410
377 492
378 396
378 495
385 435
392 428
395 437
396 430
396 458
398 445
399 429
399 456
400 435
402 425
402 492
408 437
409 464
413 433
415 440
422 433
426 499
435 471
438 495
440 442
445 462
447 467
453 467
454 460
456 471
464 499
465 478
477 487
480 489
