76
0 1
0 2
0 3
0 4
0 5
0 6
1 2
1 3
1 4
1 5
1 7
2 3
2 4
2 5
2 8
3 4
3 5
3 9
4 5
4 10
5 11
12 13
12 14
12 15
12 16
12 17
12 6
13 14
13 15
13 16
13 17
13 7
14 15
14 16
14 17
14 8
15 16
15 17
15 18
16 17
16 19
17 20
21 22
21 23
21 24
21 25
21 26
21 6
22 23
22 24
22 25
22 26
22 7
23 24
23 25
23 26
23 8
24 25
24 26
24 27
25 26
25 28
26 29
30 31
30 32
30 33
30 34
30 35
30 9
31 32
31 33
31 34
31 35
31 10
32 33
32 34
32 35
32 11
33 34
33 35
33 18
34 35
34 19
35 20
36 37
36 38
36 39
36 40
36 41
36 9
37 38
37 39
37 40
37 41
37 10
38 39
38 40
38 41
38 11
39 40
39 41
39 27
40 41
40 28
41 29
42 43
42 44
42 45
42 46
42 47
42 18
43 44
43 45
43 46
43 47
43 19
44 45
44 46
44 47
44 20
45 46
45 47
45 27
46 47
46 28
47 29
6 7
6 8
6 48
6 49
6 50
6 51
6 52
6 53
6 54
7 8
7 48
7 49
7 50
7 51
7 52
7 53
7 54
8 48
8 49
8 50
8 51
8 52
8 53
8 54
48 49
48 50
48 51
48 52
48 53
48 54
49 50
49 51
49 52
49 53
49 54
50 51
50 52
50 53
50 54
51 52
51 53
51 54
52 53
52 54
53 54
9 10
9 11
9 55
9 56
9 57
9 58
9 59
9 60
9 61
10 11
10 55
10 56
10 57
10 58
10 59
10 60
10 61
11 55
11 56
11 57
11 58
11 59
11 60
11 61
55 56
55 57
55 58
55 59
55 60
55 61
56 57
56 58
56 59
56 60
56 61
57 58
57 59
57 60
57 61
58 59
58 60
58 61
59 60
59 61
60 61
18 19
18 20
18 62
18 63
18 64
18 65
18 66
18 67
18 68
19 20
19 62
19 63
19 64
19 65
19 66
19 67
19 68
20 62
20 63
20 64
20 65
20 66
20 67
20 68
62 63
62 64
62 65
62 66
62 67
62 68
63 64
63 65
63 66
63 67
63 68
64 65
64 66
64 67
64 68
65 66
65 67
65 68
66 67
66 68
67 68
27 28
27 29
27 69
27 70
27 71
27 72
27 73
27 74
27 75
28 29
28 69
28 70
28 71
28 72
28 73
28 74
28 75
29 69
29 70
29 71
29 72
29 73
29 74
29 75
69 70
69 71
69 72
69 73
69 74
69 75
70 71
70 72
70 73
70 74
70 75
71 72
71 73
71 74
71 75
72 73
72 74
72 75
73 74
73 75
74 75

0 -0.972320639244272 0.23738954551961014
1 -0.7480598277146429 0.23050491536345116
2 -0.8703017748099547 0.2768755695810876
3 -0.7805630912796094 -0.07842619891884778
4 -0.9993375379524676 -0.0457682567961897
5 -0.9046067673087704 -0.10693155285923484
12 -0.23634652263532968 0.08608928476924768
13 -0.04083878823585474 0.24802083514756373
14 -0.1429494295592414 0.17197222271733034
15 0.04204029004229677 -0.24537726125081277
16 0.21033824430703202 -0.0776453157699814
17 0.16285722904312092 -0.1796711744230257
21 -0.08245881790935407 0.7787965562708349
22 -0.04435046964361598 0.9996464141919866
23 -0.10420862792359745 0.9080945648772327
24 0.23732095148581558 0.7454544686686982
25 0.2494010012848189 0.8647100450619218
26 0.2572767485061261 0.9745293975154912
30 -0.23564658767750674 -0.9710902285233652
31 -0.2328918989998868 -0.7492285625306033
32 -0.27770178797410583 -0.8751759165156199
33 0.04990338390205142 -0.998211471033766
34 0.05780702603386549 -0.7851889044130512
35 0.12281870842645697 -0.8972632710736678
36 -0.16100634381094234 -0.14524025130916662
37 -0.24823088745051056 -0.04098413920809618
38 -0.09512356296990628 -0.2316647426575599
39 0.2546563453868803 0.04453102161873279
40 0.1539239178540429 0.12949491385452405
41 0.10007811729292648 0.24067432954332454
42 0.8466053868043499 -0.29711804553083654
43 0.7745511377864139 -0.201461907730477
44 0.9701827119293637 -0.2473156057059326
45 0.9999999999999999 0.0444800493361135
46 0.7930627593813382 0.060499473071127345
47 0.8996165310584495 0.12719783798858542
6 -0.5264660784743773 0.49790023989407545
7 -0.3871691928815435 0.6125262591981749
8 -0.45845011557686016 0.5571796011906361
48 -0.4992128678362359 0.8758213790180004
49 -0.5576346770288341 0.9720994103952737
50 -0.6869181391842847 0.9410756652114507
51 -0.79079179994016 0.8558237630186725
52 -0.8463490553356015 0.7350066670019204
53 -0.7635839284835549 0.6585771381741936
54 -0.644302627776969 0.7828139282035704
9 -0.5002450653195495 -0.5217697089433706
10 -0.6128405865005615 -0.38730166001558974
11 -0.5529506468678539 -0.46178201709624794
55 -0.8758683544528746 -0.49864244116628387
56 -0.9717938505451762 -0.5578885094240936
57 -0.9407075547027083 -0.6871974649372646
58 -0.8551297974666476 -0.7909194054729777
59 -0.73427176924089 -0.8462043865149325
60 -0.6583371425276853 -0.7630376646916226
61 -0.7831384318792183 -0.6437407720828691
18 0.4008073155002635 -0.6184276491500712
19 0.4413591586931332 -0.5153400515814691
20 0.5279896655520555 -0.5297531572645402
62 0.6464225517911941 -0.7807714766203822
63 0.4990924737882586 -0.8719260922786259
64 0.5530296415106921 -0.9710660878029734
65 0.6826824440329157 -0.942095478288595
66 0.7882828564341118 -0.8583718041987841
67 0.845149323663116 -0.7379254915705079
68 0.7666069762287123 -0.6565212099344051
27 0.6173360137149757 0.3924506106100971
28 0.5289996660214573 0.44536050221976625
29 0.5206776433675452 0.5336367466699085
69 0.7750967960688768 0.6535128477554087
70 0.8654558606557783 0.5059591116672691
71 0.9708089164932046 0.5460101744885241
72 0.9449608444684195 0.676586499168797
73 0.8651564251896465 0.7844581406855329
74 0.7452306998398553 0.844397743590866
75 0.6555192815815971 0.7742874620268396

