206
0 1
0 2
1 3
3 4
3 5
4 6
6 7
6 8
7 9
9 10
9 11
10 12
12 13
12 14
13 15
15 16
15 17
16 18
18 19
18 20
19 21
21 22
21 23
22 24
24 25
24 26
25 27
27 28
27 29
28 30
30 31
30 32
31 33
33 34
33 35
34 36
36 37
2 38
38 5
38 39
5 40
40 8
40 41
8 42
42 11
42 43
11 44
44 14
44 45
14 46
46 17
46 47
17 48
48 20
48 49
20 50
50 23
50 51
23 52
52 26
52 53
26 54
54 29
54 55
29 56
56 32
56 57
32 58
58 35
58 59
35 60
60 37
60 61
37 62
62 63
64 39
64 65
39 66
66 41
66 67
41 68
68 43
68 69
43 70
70 45
70 71
45 72
72 47
72 73
47 74
74 49
74 75
49 76
76 51
76 77
51 78
78 53
78 79
53 80
80 55
80 81
55 82
82 57
82 83
57 84
84 59
84 85
59 86
86 61
86 87
61 88
88 63
88 89
65 90
90 67
90 91
67 92
92 69
92 93
69 94
94 71
94 95
71 96
96 73
96 97
73 98
98 75
98 99
75 100
100 77
100 101
77 102
102 79
102 103
79 104
104 81
104 105
81 106
106 83
106 107
83 108
108 85
108 109
85 110
110 87
110 111
87 112
112 89
112 113
89 114
114 115
116 91
116 117
91 118
118 93
118 119
93 120
120 95
120 121
95 122
122 97
122 123
97 124
124 99
124 125
99 126
126 101
126 127
101 128
128 103
128 129
103 130
130 105
130 131
105 132
132 107
132 133
107 134
134 109
134 135
109 136
136 111
136 137
111 138
138 113
138 139
113 140
140 115
140 141
117 142
142 119
142 143
119 144
144 121
144 145
121 146
146 123
146 147
123 148
148 125
148 149
125 150
150 127
150 151
127 152
152 129
152 153
129 154
154 131
154 155
131 156
156 133
156 157
133 158
158 135
158 159
135 160
160 137
160 161
137 162
162 139
162 163
139 164
164 141
164 165
141 166
166 167
168 143
168 169
143 170
170 145
170 171
145 172
172 147
172 173
147 174
174 149
174 175
149 176
176 151
176 177
151 178
178 153
178 179
153 180
180 155
180 181
155 182
182 157
182 183
157 184
184 159
184 185
159 186
186 161
186 187
161 188
188 163
188 189
163 190
190 165
190 191
165 192
192 167
192 193
169 194
194 171
171 195
195 173
173 196
196 175
175 197
197 177
177 198
198 179
179 199
199 181
181 200
200 183
183 201
201 185
185 202
202 187
187 203
203 189
189 204
204 191
191 205
205 193

0 0.6113361464979601 -0.8388234531476912
1 0.6363523618266229 -0.7578529982707529
3 0.5794542493452615 -0.6981752705098699
4 0.6033585538357611 -0.6152336311179698
6 0.549276890360853 -0.551454857735227
7 0.5731260121229599 -0.4686449947281499
9 0.5205094853070402 -0.40280861939611234
10 0.5443086092076427 -0.3201508222106108
12 0.4930629044624279 -0.2526814606169473
13 0.516694996185917 -0.17013652541754107
15 0.46605597679900046 -0.10173480413091064
16 0.48947118511951615 -0.01930941139842561
18 0.43891904660301306 0.04952718905397195
19 0.4622088284406288 0.1317694446815018
21 0.41151318357937083 0.20078250204705306
22 0.43491666465106693 0.2827201582032978
24 0.3839920249358909 0.351790021477399
25 0.40797760413655704 0.43322134345382257
27 0.35681891565625373 0.5023175314146817
28 0.3818956361073989 0.5829922706969053
30 0.330530043040554 0.6521351519169118
31 0.35750433215060845 0.7316294664804357
33 0.3059302977314001 0.8007858860707968
34 0.3350944264745418 0.8785021508219166
36 0.2814884038276824 0.9453726837502708
2 0.5291852148232202 -0.8496916648688215
38 0.4649411684566864 -0.7964266251825949
5 0.4933433801148115 -0.7127560604598965
40 0.4347703713306836 -0.6497667375147245
8 0.46248430222269443 -0.5659671927015644
42 0.40557923660724005 -0.5009045761197108
11 0.4334446093719508 -0.41732076638396476
44 0.37797294993564895 -0.3506920728987829
14 0.40589714936386606 -0.2673385343915799
46 0.3510182313796283 -0.1998703552391222
17 0.37886740341967523 -0.11671219047417097
48 0.32405096148891177 -0.048871838714304956
20 0.35176972108665655 0.034114450746895814
50 0.2968179638202648 0.10212550914085435
23 0.3244508417118894 0.1849255977986269
52 0.26931534515428557 0.25304432387534953
26 0.2970453958407119 0.33558542041263273
54 0.2417496893196282 0.4038241352912706
29 0.2700099991879544 0.48594873863774063
56 0.21461347809640596 0.5543517271676643
32 0.24390837274801794 0.6358688429378854
58 0.18841421446459075 0.7043908150861605
35 0.21976005686279154 0.7848987160941588
60 0.16349676210369693 0.8526419221074863
37 0.19807126096141653 0.9311347951205019
62 0.14179920466104157 0.9949558951081512
64 0.34360669984080155 -0.8898709828438366
39 0.3792670970407972 -0.8118028552937189
66 0.3183607313290134 -0.749163814454721
41 0.3474862909033638 -0.6658305190583313
68 0.2894114373917079 -0.6006354564444543
43 0.3178454381066956 -0.516880486897778
70 0.2615642717304775 -0.4500897846211807
45 0.28998467436651143 -0.36647944894837076
72 0.23439284990230086 -0.2989732648547198
47 0.2628529783088885 -0.2155843670761586
74 0.20734635001233903 -0.1478338119782085
49 0.23579207752349485 -0.06463362355918173
76 0.18017364686058843 0.0032067808771617363
51 0.20855508599351 0.08626329817104623
78 0.15279653907006213 0.15417769079166144
53 0.18112637471976553 0.23710834959960037
80 0.12525681842216224 0.3051356317456239
55 0.1536924828753813 0.3879034624068399
82 0.09774391421517684 0.4560780804335315
57 0.1267483407085429 0.5385485099296624
84 0.07066952584350318 0.6067989932276148
59 0.10080871794933945 0.688767768902675
86 0.044052490824509676 0.7565737170375884
61 0.07651931802423073 0.8373249629874172
88 0.0189444279693581 0.9042510312032482
63 0.05880857048440531 0.9787606698726203
65 0.2604253118146327 -0.9045707191365209
90 0.19786206810927218 -0.8468891090896624
67 0.23100867439401165 -0.7651273199124005
92 0.17211961685230479 -0.6999760957018997
69 0.20172042599124315 -0.6168224357167454
94 0.14499869501820653 -0.5496900777460406
71 0.17359457247851226 -0.4662059469101873
96 0.11771019152739648 -0.39840508192399265
73 0.14615345640568603 -0.3149919100834127
98 0.09041540973730014 -0.24708469646930312
75 0.11890546911954471 -0.16381009002759783
100 0.06310893835248334 -0.09593357512665625
77 0.0916389356849734 -0.012763305095128501
102 0.03576390276762223 0.0550990280753982
79 0.06428160838403879 0.1382172958582944
104 0.008359410468091568 0.20612445036399651
81 0.03685742295476845 0.2892225330425365
106 -0.01910550412770376 0.3572104306217476
83 0.009522133109475408 0.4402639194985415
108 -0.04658968836503462 0.5082540711858292
85 -0.017328194254077604 0.5911084882083087
110 -0.07401882465787228 0.6587157836411184
87 -0.043599143988109046 0.7411057660418777
112 -0.1011818147902348 0.8077769806032671
89 -0.06714218372130341 0.8887578972861513
114 -0.1287014071270169 0.9479987367758892
116 0.07351223449898203 -0.9384383837767394
91 0.11185760000883206 -0.8624720151652127
118 0.05212959402266489 -0.797538666818468
93 0.08441408743282063 -0.715867199227652
120 0.027518293828284114 -0.6483861895997146
95 0.057078971844471055 -0.5656200891034431
122 0.0010091863588396277 -0.4974765938540177
97 0.029552149777687216 -0.41437831186232466
124 -0.02634887473661565 -0.3462472673850501
99 0.002020683220756003 -0.2631009298096773
126 -0.05387486380677912 -0.19511553132430257
101 -0.02543911537567411 -0.11197768099706494
128 -0.08133507395912355 -0.0441037200937015
103 -0.05282055046037058 0.03904832300118425
130 -0.10868680315035195 0.10687777984130786
105 -0.08014418788743095 0.1900885340652034
132 -0.13598539484885894 0.2579053536884428
107 -0.10743385958735972 0.3412064795774219
134 -0.16338218513359234 0.40893539910607263
109 -0.13469291431493888 0.49229092970341054
136 -0.19116634815896164 0.5596104210612093
111 -0.16180190908595476 0.6428102320745495
138 -0.21919731155255454 0.7092880633899389
113 -0.18866940292024972 0.7919247711326349
140 -0.2489604260241687 0.8558122993408918
115 -0.21210262876696218 0.9328864177072892
117 -0.009538241676777809 -0.9538583348535961
142 -0.07032369745162244 -0.8932655449107925
119 -0.0352701731473667 -0.8132381335261546
144 -0.09178444556271179 -0.7454223988164551
121 -0.060277477202434246 -0.6639954200807282
146 -0.11629115198315736 -0.595541671264636
123 -0.08702266902269337 -0.5132499694609387
148 -0.14297180038243062 -0.4449263341264235
125 -0.11459903016088577 -0.362206582760212
150 -0.17050686047821606 -0.2941037976020907
127 -0.14229877928938667 -0.2111854163050232
152 -0.1981264463166809 -0.14325391423544528
129 -0.1698447247886391 -0.06021227710295138
154 -0.22556161225201524 0.007607039338952481
131 -0.19717469284042233 0.0907674029075448
156 -0.2527992384770735 0.1584863614723952
133 -0.22434814612865256 0.24179129783700695
158 -0.2800159337669516 0.3093203796171262
135 -0.25154358292687795 0.39279095734733077
160 -0.30764099163742886 0.45984118098219157
137 -0.2790744419328852 0.543428539214235
162 -0.33605993376399745 0.6096101091027689
139 -0.30670382168094174 0.6930195560091573
164 -0.365442140668901 0.7572432858196287
141 -0.33501042088202626 0.8401154843227483
166 -0.3984830345124507 0.8959008908440395
168 -0.19740920816448473 -0.9813505094158073
143 -0.15594552344119766 -0.9089271533271426
170 -0.21190127505138104 -0.8405421580309828
145 -0.17915576106806716 -0.761004898413427
172 -0.2345111997101735 -0.692256873875417
147 -0.20405285877053686 -0.6113640132625443
174 -0.2594730992167128 -0.5428703877336322
149 -0.23090560057708934 -0.46101419558018136
176 -0.28629933915803224 -0.3927563719190446
151 -0.25858069014399104 -0.31032231932538085
178 -0.3138350438621317 -0.24222088966982402
153 -0.2863046912288812 -0.15946047142494812
180 -0.34137637350695116 -0.09147430586057607
155 -0.3137789185781394 -0.008506606902364442
182 -0.36870520113421384 0.05933481113133188
157 -0.3409732290576186 0.142467449783967
184 -0.39590034106586897 0.21003197623207945
159 -0.3680610193193239 0.2933331802097154
186 -0.4233394402712943 0.36032052607545745
161 -0.3954652689159027 0.4438111561985853
188 -0.45150137207271696 0.5098653654208408
163 -0.4235775159415026 0.5935017648015438
190 -0.48118035177802587 0.6578913005863782
165 -0.4522645757110794 0.7410689343107038
192 -0.5121823032349075 0.8024395489695627
167 -0.4818800599254052 0.8819475561018123
169 -0.27814872087690656 -0.9999999999999999
194 -0.3299865279636353 -0.9329550876892554
171 -0.29765277280906544 -0.8571037385390827
195 -0.3491398530571177 -0.7878220306050773
173 -0.32087766864172607 -0.7091205048724466
196 -0.37226546670605265 -0.6399419842576874
175 -0.34609461431937344 -0.5598287995351752
197 -0.39738132652010694 -0.49077476647144636
177 -0.3730662550687717 -0.4096138600753847
198 -0.4241565265651028 -0.34060682200715814
179 -0.40073580750768295 -0.25878608003232323
199 -0.45158061457130366 -0.18981492035233005
181 -0.42839317074330624 -0.10761784354486167
200 -0.4790568398676923 -0.03877481681885221
183 -0.45579655274108494 0.043637532324112466
201 -0.5064603644345376 0.11215495687699654
185 -0.4830052160574056 0.19470052493452897
202 -0.5340372868873026 0.2625387054637281
187 -0.5103730733525204 0.34519084098442737
203 -0.5621633714129737 0.4119358466531267
189 -0.5383238277059995 0.49470535247770697
204 -0.5914768980788899 0.5596797001467112
191 -0.5674465401836756 0.6425348468603446
205 -0.6220265877569474 0.7050754325828995
193 -0.5952920130503886 0.7865032105899911
