500
0 3
0 4
0 6
0 7
0 8
0 10
0 15
0 20
0 23
0 24
0 33
0 34
0 39
0 41
0 44
0 60
0 64
0 72
0 79
0 85
0 87
0 95
0 97
0 98
0 118
0 135
0 153
0 172
0 185
0 189
0 204
0 234
0 239
0 247
0 250
0 258
0 276
0 278
0 354
0 357
0 364
0 365
0 368
0 379
0 392
0 416
0 445
0 449
0 450
0 478
0 486
1 3
1 4
1 5
1 6
1 7
1 8
1 18
1 22
1 23
1 43
1 48
1 64
1 65
1 80
1 89
1 140
1 144
1 147
1 148
1 173
1 219
1 228
1 240
1 263
1 292
1 320
1 376
1 449
1 463
2 3
2 6
2 8
2 11
2 12
2 18
2 19
2 20
2 26
2 28
2 51
2 56
2 57
2 61
2 68
2 69
2 70
2 88
2 90
2 92
2 98
2 102
2 103
2 104
2 119
2 125
2 136
2 158
2 171
2 172
2 174
2 178
2 184
2 185
2 189
2 200
2 217
2 218
2 248
2 262
2 287
2 290
2 337
2 380
2 393
2 414
2 417
2 419
2 430
2 435
2 485
2 494
3 4
3 5
3 12
3 16
3 24
3 26
3 27
3 28
3 37
3 39
3 47
3 59
3 67
3 70
3 71
3 76
3 79
3 80
3 86
3 114
3 133
3 154
3 160
3 196
3 232
3 275
3 313
3 316
3 324
3 344
3 419
3 472
3 481
4 5
4 13
4 14
4 15
4 17
4 21
4 22
4 27
4 29
4 30
4 45
4 46
4 47
4 51
4 61
4 62
4 74
4 82
4 99
4 122
4 140
4 146
4 152
4 174
4 179
4 232
4 243
4 250
4 264
4 277
4 293
4 305
4 375
4 393
4 395
4 489
5 9
5 23
5 35
5 54
5 55
5 81
5 87
5 118
5 127
5 177
5 187
5 188
5 211
5 260
5 282
5 297
5 300
5 386
5 398
5 408
5 473
5 474
6 7
6 9
6 10
6 11
6 13
6 16
6 21
6 25
6 36
6 37
6 40
6 53
6 57
6 61
6 63
6 83
6 90
6 95
6 102
6 106
6 112
6 120
6 122
6 128
6 131
6 135
6 149
6 163
6 166
6 176
6 181
6 190
6 205
6 244
6 253
6 271
6 275
6 280
6 283
6 288
6 296
6 302
6 306
6 329
6 335
6 367
6 405
6 435
6 437
6 449
6 466
6 494
7 11
7 15
7 25
7 29
7 41
7 45
7 47
7 50
7 63
7 92
7 94
7 98
7 110
7 143
7 147
7 246
7 266
7 326
7 419
7 446
7 447
7 472
7 482
8 9
8 10
8 14
8 17
8 18
8 37
8 43
8 50
8 60
8 63
8 65
8 66
8 91
8 100
8 123
8 126
8 132
8 141
8 143
8 172
8 202
8 210
8 214
8 217
8 257
8 274
8 302
8 306
8 333
8 352
8 374
8 460
8 489
8 499
9 17
9 22
9 26
9 28
9 32
9 36
9 42
9 59
9 62
9 134
9 150
9 269
9 330
9 345
9 350
9 420
10 13
10 19
10 29
10 71
10 267
10 495
11 12
11 19
11 27
11 30
11 46
11 54
11 55
11 269
11 359
11 360
11 372
11 442
11 471
12 14
12 24
12 40
12 77
12 86
12 207
12 221
12 352
12 372
12 374
12 383
12 398
12 413
12 476
12 482
12 496
12 497
13 31
13 74
13 75
13 109
13 206
13 307
13 347
13 362
13 418
13 456
13 498
14 16
14 20
14 21
14 42
14 50
14 52
14 65
14 66
14 77
14 81
14 85
14 97
14 112
14 129
14 148
14 216
14 259
14 271
14 284
14 296
14 304
14 322
14 364
14 373
14 418
14 421
14 429
14 499
15 40
15 101
15 138
15 156
15 183
15 242
15 286
15 421
15 444
16 114
16 136
16 224
16 235
16 265
16 380
16 433
17 73
17 134
17 242
17 381
18 116
18 133
18 201
18 204
18 279
18 409
19 36
19 119
19 148
19 331
19 333
19 417
19 430
20 30
20 33
20 59
20 107
20 130
20 158
20 229
20 289
20 394
20 436
21 102
21 129
21 196
21 207
21 210
21 325
21 340
21 343
21 487
21 488
22 25
22 126
22 191
22 198
22 341
22 365
22 418
23 32
23 41
23 44
23 46
23 80
23 92
23 124
23 157
23 252
23 276
23 287
23 290
23 311
23 322
23 384
23 397
23 408
23 491
24 76
24 77
24 78
24 82
24 94
24 124
24 137
24 139
24 170
24 182
24 266
24 295
24 311
24 313
24 346
24 362
24 448
25 31
25 39
25 107
25 175
25 182
25 187
25 203
25 225
25 292
25 352
25 361
25 434
25 440
25 456
26 34
26 75
26 144
26 154
26 193
26 209
26 247
26 251
26 335
27 32
27 34
27 48
27 88
27 99
27 106
27 179
27 181
27 244
27 255
27 265
27 314
27 344
27 388
27 452
27 482
28 31
28 33
28 38
28 55
28 58
28 68
28 71
28 82
28 84
28 90
28 120
28 168
28 193
28 208
28 253
28 254
28 268
28 301
28 323
28 409
28 479
29 49
29 52
29 125
29 215
29 229
29 320
29 363
29 431
30 35
30 96
30 146
30 174
30 434
31 56
31 108
31 136
31 212
31 249
31 285
31 318
31 342
31 346
31 387
32 93
32 163
32 201
32 332
32 391
32 402
33 35
33 43
33 84
33 142
33 177
33 203
33 264
33 377
33 468
33 480
34 38
34 49
34 53
34 66
34 72
34 76
34 104
34 114
34 115
34 133
34 134
34 138
34 152
34 157
34 165
34 197
34 198
34 233
34 244
34 254
34 256
34 271
34 294
34 308
34 314
34 342
34 360
34 361
34 385
34 433
34 457
34 480
35 177
35 192
35 390
35 403
35 460
36 38
36 128
36 443
37 51
37 62
37 127
37 156
37 423
38 42
38 68
38 89
38 119
38 167
38 180
38 186
38 192
38 234
38 371
38 490
39 57
39 86
39 87
39 154
39 161
39 189
39 225
39 303
39 345
39 393
39 406
40 44
40 58
40 163
40 221
40 222
40 307
40 317
40 422
41 340
41 348
41 395
41 414
42 45
42 49
42 67
42 69
42 105
42 190
42 260
42 269
42 273
42 316
42 378
42 439
42 456
42 460
42 470
43 48
43 53
43 56
43 178
43 252
43 317
43 425
43 454
43 461
43 473
44 81
44 93
44 110
44 111
44 316
44 369
44 457
45 64
45 132
45 135
45 137
45 168
45 171
45 212
45 223
45 248
45 251
45 328
45 359
45 496
46 258
46 448
47 267
47 327
48 54
48 58
48 85
48 93
48 104
48 105
48 117
48 182
48 227
48 270
48 334
48 367
49 97
49 169
50 52
50 69
50 75
50 84
50 109
50 145
50 151
50 204
50 215
50 246
50 349
50 410
50 459
51 113
52 183
52 228
52 230
52 252
52 261
53 78
53 100
53 111
53 112
53 128
53 173
53 195
53 213
53 283
53 397
53 427
53 459
54 73
54 130
54 180
54 194
54 247
54 338
54 483
55 132
55 236
55 253
55 369
55 386
55 424
56 276
56 391
56 440
56 471
57 130
57 147
57 160
57 205
57 280
58 60
58 117
58 242
58 299
58 324
58 452
59 72
59 83
59 101
59 105
59 191
59 337
60 89
60 91
60 94
60 131
60 380
60 429
60 455
61 141
61 202
61 281
61 312
61 389
61 442
61 485
62 70
62 152
62 161
62 167
62 188
62 226
62 247
62 250
62 416
62 432
63 74
63 78
63 95
63 111
63 184
63 212
63 227
63 368
63 379
64 171
64 326
64 404
65 165
65 291
65 324
65 363
65 377
65 486
66 108
66 123
66 142
66 223
66 239
67 108
67 145
67 150
67 236
67 238
67 374
68 79
68 206
68 279
68 432
68 470
68 479
70 110
70 312
71 166
71 481
72 73
72 88
72 103
72 106
72 321
72 401
72 414
72 483
72 495
73 83
73 131
73 165
73 167
73 284
73 305
73 338
73 370
73 412
73 446
73 470
74 184
74 188
74 400
75 107
75 124
75 370
76 91
76 96
76 115
76 260
77 120
77 208
77 383
78 162
78 210
78 367
79 309
79 499
81 96
81 99
81 183
81 211
82 194
82 239
82 241
82 493
83 113
83 115
83 116
83 278
83 308
83 310
83 317
83 355
86 129
86 221
86 280
86 289
86 299
86 301
86 431
87 103
87 123
87 144
87 186
87 209
87 211
87 215
87 245
87 257
87 283
87 347
87 388
87 389
87 488
87 491
88 101
88 164
88 428
89 151
89 241
89 246
89 272
89 296
89 311
89 383
89 458
89 465
89 493
90 121
90 146
90 259
91 193
92 329
93 143
93 175
93 439
94 116
94 155
94 195
94 384
95 169
95 451
96 117
96 122
96 278
96 333
96 475
97 109
97 137
97 139
97 301
97 329
97 396
97 457
97 476
98 127
98 142
98 149
98 223
98 226
98 337
98 478
99 100
99 162
99 292
99 310
99 314
99 409
99 413
99 463
99 489
100 150
100 194
101 113
101 121
101 159
101 199
101 233
101 255
101 360
102 118
102 153
102 349
102 351
103 143
103 243
103 263
103 270
103 350
103 445
104 151
104 195
104 214
104 236
104 254
104 447
104 455
104 476
104 481
104 492
105 213
105 387
107 126
107 141
107 159
108 121
108 145
108 162
108 197
108 344
108 438
109 169
109 226
109 378
110 470
112 190
112 401
112 405
113 394
113 402
113 441
114 161
114 181
114 231
114 290
114 405
114 431
116 155
116 464
117 193
117 366
117 477
118 142
118 228
118 386
118 396
118 411
118 415
119 138
119 185
119 222
119 349
119 399
119 403
119 458
119 471
120 298
120 407
121 149
121 277
121 340
122 125
122 230
123 277
123 472
124 155
124 369
124 438
125 198
125 216
125 225
125 462
126 173
126 255
126 348
126 375
126 491
127 484
128 139
128 140
128 170
128 222
128 375
129 191
129 321
129 415
129 440
130 342
131 156
131 157
131 178
131 259
132 159
132 237
133 164
133 199
133 219
133 233
133 241
133 299
133 309
133 327
133 347
133 445
133 490
133 498
134 160
134 187
134 359
134 392
135 285
135 287
135 291
135 339
136 166
136 220
136 293
136 387
136 397
136 471
137 164
138 234
138 274
138 376
138 377
140 168
140 266
140 334
140 355
141 186
143 209
143 257
143 306
143 378
143 415
143 420
145 153
145 207
145 227
146 298
146 315
146 403
147 318
147 319
147 338
148 192
148 282
148 390
148 433
149 238
150 179
150 216
151 158
151 202
153 205
153 343
153 487
154 201
154 218
154 258
154 366
154 443
156 173
156 220
156 224
156 249
156 282
157 200
157 339
157 425
157 441
158 200
158 309
158 427
159 207
159 454
160 199
160 268
160 330
160 408
160 418
160 425
160 446
160 468
160 485
161 248
161 358
161 361
162 215
162 319
162 347
162 378
163 200
163 325
163 357
164 289
164 348
164 371
164 399
164 406
167 313
168 416
170 337
170 413
170 460
170 478
171 185
171 246
171 265
171 300
171 325
171 365
171 397
171 424
172 211
172 441
172 443
172 467
173 239
173 391
173 404
175 372
175 491
176 188
176 244
177 293
178 222
178 258
178 423
179 194
179 313
179 449
180 376
182 246
182 451
183 385
184 434
185 265
185 297
185 469
185 496
186 428
186 489
187 243
187 469
189 207
189 331
189 339
189 386
189 455
191 382
193 368
197 217
197 270
197 366
198 455
198 465
199 240
199 463
200 285
201 351
202 413
203 367
203 380
206 303
207 372
207 477
208 267
208 279
208 410
209 378
211 213
211 286
212 321
212 425
212 456
216 470
217 224
217 358
218 373
218 391
218 412
220 369
220 480
221 275
222 228
222 367
222 397
222 411
223 423
226 259
226 297
226 333
226 362
226 408
227 245
227 333
227 335
228 238
228 288
229 421
230 381
232 354
233 270
233 327
233 373
234 387
236 398
237 481
239 284
240 305
240 324
240 381
240 487
243 262
243 291
243 449
243 474
244 281
244 337
244 341
244 447
245 363
246 250
246 303
248 252
248 329
248 499
249 406
249 490
250 285
250 396
253 300
253 394
254 257
255 271
255 326
259 274
259 306
259 320
260 382
260 433
260 480
261 353
262 304
262 409
262 442
262 463
265 418
265 440
267 356
267 379
267 465
268 309
268 460
269 446
270 284
270 297
270 298
270 422
272 432
273 274
273 328
273 373
273 415
273 417
274 436
275 334
276 311
276 439
276 476
279 335
281 304
281 347
281 427
282 325
282 410
286 294
286 359
288 380
288 402
288 441
290 295
291 468
292 323
293 390
297 366
298 344
299 472
301 352
302 364
304 315
309 424
309 440
310 373
310 399
311 392
311 444
311 461
313 429
313 467
315 478
319 345
320 473
321 356
321 432
323 471
327 359
329 355
332 349
332 423
332 426
334 400
336 419
341 447
342 379
343 354
343 383
344 369
346 401
346 495
347 457
350 370
350 499
355 479
356 403
358 449
358 495
359 361
359 396
360 437
360 462
361 444
363 370
369 404
370 411
372 422
373 461
373 486
375 385
376 439
388 445
389 435
391 423
392 422
392 464
396 401
398 455
411 474
414 471
414 491
415 480
419 461
426 439
426 449
428 441
428 460
430 499
431 447
433 463
436 489
442 461
447 450
452 465
453 475
456 485
458 481
459 481
459 490
470 491
477 499
